2.091857e+09 0.000000e+00 0.000000e+00 0.000000e+00 0.000000e+00 0.000000e+00 0.000000e+00
5.940977e+00 -9.192504e-01 2.185841e-01 1.550018e-01 -4.417155e-03 -1.857624e-02 -9.925400e-04
4.601114e+00 2.501740e-01 2.812221e-01 3.138357e-02 -2.402429e-02 2.137191e-02 9.232945e-05
8.852439e+00 -1.484246e-01 -3.102502e-01 -3.224704e-03 3.515526e-02 -1.681838e-02 -2.832537e-05
6.313480e+00 -6.011072e-01 6.647962e-01 4.785364e-02 -1.545940e-02 -1.397835e-02 -1.503280e-03
8.615801e+00 -7.325412e-02 5.362839e-02 -1.235998e-02 -3.971600e-02 -5.425038e-02 -4.173801e-03
7.395533e+00 -2.001780e-01 3.290253e-01 2.759458e-02 -2.950561e-02 -1.795112e-02 -3.845774e-03
9.911790e+00 5.262410e-01 2.674520e-01 -1.305891e-01 -1.272944e-02 2.504656e-02 5.602964e-05
3.383126e+00 9.409800e-01 7.233466e-02 4.109311e-02 -1.429010e-03 1.858957e-02 1.777489e-04
5.986874e+00 -5.798185e-02 -8.055257e-01 1.201745e-03 2.007612e-02 -1.445082e-03 -2.093230e-04
7.809202e+00 4.211792e-01 -8.770815e-01 -6.017987e-02 1.983954e-02 9.527051e-03 5.381904e-04
6.247844e+00 7.691610e-02 5.686843e-01 -3.204480e-02 -2.743409e-02 3.710535e-03 -1.089995e-03
3.697404e+00 -6.171012e-01 -6.103914e-01 4.142277e-02 1.632998e-02 -1.650949e-02 3.654886e-04
9.392931e+00 3.719191e-01 1.101188e-01 -6.164839e-02 -1.058350e-02 3.574509e-02 3.012982e-03
3.920295e+00 -8.286667e-02 2.729690e-02 1.410091e-02 -2.402287e-02 -7.292750e-02 -1.590960e-03
2.426742e+00 -5.781626e-01 -3.600151e-01 -8.545366e-04 1.394988e-02 -2.240266e-02 -1.504255e-03
4.645184e+00 9.846788e-01 -5.785501e-03 -4.626397e-02 1.289331e-04 2.194411e-02 -5.991036e-04
6.320246e+00 -5.874883e-02 -5.086610e-02 9.604986e-03 4.554482e-02 -5.260291e-02 -3.854586e-03
2.898102e+00 -3.357048e-01 -2.501778e-01 9.188851e-02 1.745660e-02 -2.342440e-02 2.565882e-03
8.242242e+00 3.935566e-01 -2.103109e-02 -1.268818e-02 1.650754e-03 3.089071e-02 1.024169e-03
1.907727e+00 -8.348411e-01 -1.476020e-01 -5.743494e-03 3.694419e-03 -2.089574e-02 1.082029e-06
1.491207e+00 -5.722577e-02 1.174024e-01 2.872851e-03 -5.856426e-02 -2.854614e-02 -6.027469e-04
7.878910e+00 -4.327386e-02 8.133295e-01 3.341710e-02 -2.299700e-02 -1.223574e-03 -1.690781e-03
4.624334e+00 -1.322826e-01 -3.265629e-01 1.173306e-02 3.436063e-02 -1.391865e-02 -1.965924e-03
3.831372e+00 3.268206e-01 2.142829e-01 -2.138655e-02 -1.757906e-02 2.681128e-02 -2.734637e-03
9.656404e+00 5.628730e-01 5.419523e-02 6.623826e-02 -2.779937e-03 2.887249e-02 -1.178660e-03
4.759916e+00 -2.281818e-01 3.342784e-01 -6.446838e-03 -2.486347e-02 -1.697206e-02 8.017747e-04
5.214603e+00 3.957174e-01 5.039767e-01 6.615061e-02 -2.263024e-02 1.776904e-02 -3.724164e-04
2.836931e+00 -8.387265e-02 7.313291e-01 -8.654577e-03 -2.444891e-02 -2.803929e-03 5.152003e-04
3.278890e+00 -6.264802e-01 -7.591493e-01 6.237736e-02 1.711211e-02 -1.412159e-02 -1.200743e-03
3.165534e+00 4.301058e-01 4.216538e-01 2.495907e-02 -1.913913e-02 1.952277e-02 -1.673158e-03
5.305761e+00 2.555149e-01 -2.057771e-01 -3.486033e-02 2.496977e-02 3.100514e-02 -1.323484e-03
2.243724e+00 -5.920788e-02 2.991020e-02 -6.888546e-03 -3.297696e-02 -6.527860e-02 -2.946337e-03
7.766135e+00 -5.843546e-01 -3.042380e-01 -1.594450e-02 1.234450e-02 -2.371026e-02 1.171936e-03
7.124004e+00 -1.559231e-01 -2.505651e-01 1.660871e-02 2.835506e-02 -1.764495e-02 -6.456702e-04
1.048395e+00 5.426153e-02 1.786213e-01 -1.166114e-02 -4.350782e-02 1.321679e-02 8.271945e-04
7.830381e+00 -8.664429e-01 -1.532504e-01 -3.306736e-02 3.957149e-03 -2.237282e-02 1.251125e-03
2.236690e+00 6.511311e-01 3.921640e-01 6.573522e-02 -1.096096e-02 1.819907e-02 2.756093e-04
7.007183e+00 5.465931e-01 -5.241398e-01 -4.551507e-02 1.606779e-02 1.675611e-02 -1.343138e-03
6.051974e+00 -4.980906e-01 9.348418e-02 -4.771427e-02 -5.667600e-03 -3.019739e-02 9.108782e-04
4.841637e+00 4.547191e-01 6.209971e-01 7.691537e-03 -1.947034e-02 1.425696e-02 -3.786784e-04
9.665450e+00 -5.415715e-01 -6.307828e-01 -1.446923e-01 1.523287e-02 -1.307849e-02 3.550624e-04
9.953715e+00 2.118330e-02 -2.436060e-03 5.214455e-05 1.713231e-02 1.489778e-01 8.488776e-05
1.317893e+00 6.756241e-02 -1.546769e-01 -1.480539e-02 4.615243e-02 2.015924e-02 -4.798673e-03
9.639020e-01 3.933704e-01 -3.066914e-01 -3.727137e-03 1.710728e-02 2.194224e-02 1.005245e-03
8.836729e+00 -6.445565e-01 -1.894519e-01 2.563072e-02 7.455613e-03 -2.536561e-02 1.206464e-03
3.721819e+00 -5.281705e-01 -8.275206e-01 1.342485e-01 1.839103e-02 -1.173819e-02 1.290251e-03
7.287193e+00 1.096633e-01 6.192869e-01 4.417791e-02 -2.644857e-02 4.683512e-03 -4.785094e-04
7.757243e+00 -7.580030e-01 6.269427e-01 -4.623005e-03 -1.348350e-02 -1.630218e-02 2.089437e-03
1.190964e+00 2.689100e-01 3.929715e-02 3.921730e-05 -6.021388e-03 4.120429e-02 1.206963e-03
5.242965e+00 -2.822927e-01 -5.548657e-01 -3.775907e-02 2.156199e-02 -1.096985e-02 -2.479450e-04
9.965355e-01 3.028777e-01 -4.148997e-01 -6.312844e-02 2.608991e-02 1.904569e-02 2.388446e-03
8.662133e+00 1.413098e-01 -2.453287e-01 -4.015067e-02 3.661160e-02 2.108835e-02 -1.580726e-03
8.168918e-01 5.629354e-01 2.537882e-01 9.661693e-03 -1.178883e-02 2.614916e-02 8.318879e-04
9.971395e+00 1.363381e-01 1.283404e-01 -4.483213e-03 -3.069602e-02 3.260888e-02 -3.593540e-03
6.562105e-01 2.573933e-02 -2.507236e-01 7.403811e-03 4.308273e-02 4.422880e-03 -1.070755e-03
7.282370e+00 6.878621e-01 5.507343e-01 -1.391259e-02 -1.561513e-02 1.950315e-02 -4.848742e-04
6.532075e+00 6.969520e-03 -7.083560e-02 1.314598e-02 7.534589e-02 7.413289e-03 1.318742e-04
2.283770e+00 8.145785e-02 3.580107e-02 -1.066256e-03 -2.679016e-02 6.095540e-02 -5.368880e-03
6.116368e+00 -1.890512e-01 -1.606800e-01 -6.723354e-03 2.931487e-02 -3.449097e-02 -6.100175e-04
2.161078e+00 6.837905e-03 5.635465e-01 -2.359967e-02 -3.060224e-02 3.713184e-04 -2.864395e-03
7.321176e+00 -7.100432e-01 5.297333e-01 4.255336e-02 -1.321735e-02 -1.771624e-02 5.574920e-04
7.817263e+00 -9.333351e-01 -2.254408e-02 8.955467e-02 5.319975e-04 -2.202494e-02 1.419119e-03
3.340505e+00 -6.511265e-01 -4.814581e-01 2.925191e-02 1.327862e-02 -1.795808e-02 -1.751798e-04
5.446276e+00 -3.065950e-01 -8.822995e-01 7.515777e-02 2.017705e-02 -7.011432e-03 -1.879249e-03
8.303520e+00 -8.123789e-01 8.120701e-02 1.064148e-01 -2.469240e-03 -2.470179e-02 7.301864e-04
2.802125e+00 3.486100e-01 1.399126e-01 -6.820623e-02 -1.370937e-02 3.415864e-02 -2.966694e-03
6.479120e+00 -1.743526e-02 1.256753e-02 5.185813e-03 -8.608329e-02 -1.194256e-01 3.604993e-03
7.027497e+00 1.036658e-01 8.029733e-01 6.745787e-02 -2.127776e-02 2.747011e-03 7.138399e-05
1.497507e+00 8.453102e-01 1.297641e-01 -8.139751e-02 -3.803863e-03 2.477916e-02 -1.641613e-03
1.021634e+00 2.345312e-01 -3.274890e-02 2.890113e-02 6.584040e-03 4.715160e-02 -1.142470e-03
5.543477e+00 6.156792e-01 9.403706e-02 -3.014548e-02 -3.923917e-03 2.569066e-02 -8.383626e-04
6.753022e+00 -1.356295e-01 3.017330e-01 -7.482324e-02 -3.525159e-02 -1.584565e-02 4.840844e-04
3.227079e+00 7.028923e-01 -6.427698e-01 -2.934839e-03 1.252630e-02 1.369796e-02 -3.260328e-06
5.651848e-01 4.762406e-01 1.366869e-02 2.200152e-02 -8.248579e-04 2.873946e-02 -2.168054e-03
8.854646e+00 -1.501956e-01 -1.601743e-01 6.238322e-03 3.083300e-02 -2.891213e-02 -2.187435e-03
6.436150e+00 3.812330e-01 -6.760821e-01 7.278899e-03 1.980171e-02 1.116590e-02 2.497822e-04
5.512064e+00 1.189208e-01 3.415774e-03 5.418810e-03 -1.938812e-03 6.750008e-02 8.719969e-04
6.068146e+00 -1.381903e-01 1.662993e-01 -1.717778e-02 -3.247931e-02 -2.698944e-02 9.377681e-04
9.213740e+00 9.518362e-02 2.585732e-01 4.649132e-02 -3.250284e-02 1.196465e-02 1.276343e-03
3.248100e+00 4.410432e-02 6.203674e-01 5.096931e-02 -2.856610e-02 2.030875e-03 -4.452072e-05
7.656109e+00 1.124139e-01 -3.406649e-01 3.643560e-02 3.263808e-02 1.077004e-02 1.448865e-03
5.346894e+00 1.971984e-01 -4.973086e-01 -4.043841e-02 2.556787e-02 1.013846e-02 5.761682e-04
9.036060e+00 5.401405e-01 -6.812304e-01 6.426480e-02 1.923533e-02 1.525150e-02 4.010296e-04
7.121405e+00 -1.461742e-01 -8.177592e-01 -2.980052e-02 1.992612e-02 -3.561787e-03 -6.453976e-04
6.659399e+00 -2.412414e-01 2.827384e-01 4.129837e-02 -2.609832e-02 -2.226792e-02 -4.666904e-04
1.061456e+00 3.159846e-01 6.926419e-01 -1.876089e-02 -2.095497e-02 9.559701e-03 7.939373e-04
3.287639e+00 -2.945382e-01 -2.367149e-01 3.053051e-02 1.863407e-02 -2.318589e-02 -2.065122e-03
8.370045e-01 5.620111e-01 -4.806496e-01 -3.794304e-02 1.714991e-02 2.005295e-02 -6.141189e-04
2.113434e+00 8.975751e-01 4.246287e-01 1.684539e-02 -9.551686e-03 2.019024e-02 4.103241e-04
6.302521e+00 3.087985e-01 2.275804e-01 -7.563678e-03 -2.131270e-02 2.891870e-02 2.285320e-04
6.717783e+00 -5.054890e-02 5.491047e-02 -5.490878e-03 -5.078219e-02 -4.674853e-02 8.905032e-04
4.424729e+00 8.891973e-01 1.112764e-01 -3.523993e-02 -2.996725e-03 2.394648e-02 3.284209e-04
9.909638e+00 -9.470242e-02 1.029893e-01 1.676047e-02 -4.006248e-02 -3.683893e-02 -1.448720e-03
1.712758e+00 -2.844992e-02 8.360395e-02 -3.353685e-03 -6.137594e-02 -2.088587e-02 6.549530e-04
4.391801e+00 9.245476e-02 2.324939e-01 1.828356e-02 -4.332891e-02 1.723041e-02 -7.400705e-04
6.459553e+00 1.494241e-03 -3.404035e-03 4.843774e-04 3.160090e-01 1.387158e-01 1.287174e-02
2.080499e+00 6.382297e-02 1.715535e-02 3.681737e-04 -1.965198e-02 7.311115e-02 -5.470943e-03
9.819011e+00 -3.175363e-03 3.698856e-01 3.614389e-02 -3.144509e-02 -2.699471e-04 1.679830e-04
6.392743e+00 3.997172e-01 4.720166e-01 -5.934491e-02 -2.226075e-02 1.885104e-02 1.509904e-03
3.524551e+00 -6.669529e-01 -2.637442e-01 -8.460591e-02 9.554048e-03 -2.416015e-02 -9.856061e-04
7.521772e+00 -1.670622e-01 -2.058532e-01 2.469985e-02 3.457804e-02 -2.806215e-02 3.630203e-05
4.460358e+00 -9.472043e-02 -1.910631e-01 -3.024731e-03 3.973135e-02 -1.969701e-02 1.786176e-03
1.404096e+00 7.635192e-02 -2.653274e-01 -1.297361e-03 3.715790e-02 1.069274e-02 1.589876e-03
6.514554e+00 2.889129e-01 -4.757144e-02 1.022844e-02 5.899972e-03 3.583196e-02 -8.192625e-04
9.904757e+00 -4.436543e-01 -3.401607e-01 -2.842086e-02 1.546853e-02 -2.017482e-02 -5.123317e-04
6.584016e+00 -8.583775e-03 2.621037e-02 6.429243e-03 -1.227185e-01 -4.018975e-02 -1.062291e-02
9.990924e+00 -3.092168e-01 1.996530e-01 2.647362e-02 -1.963770e-02 -3.041430e-02 -2.242137e-03
6.872461e+00 -7.940193e-01 3.577450e-03 2.019033e-02 -1.150037e-04 -2.552521e-02 2.770000e-03
1.698683e+00 5.096653e-01 -7.117437e-02 3.944240e-02 3.832570e-03 2.744426e-02 7.485800e-05
5.766165e+00 3.866174e-01 -8.592907e-01 5.757288e-02 1.973389e-02 8.878792e-03 -5.672056e-04
4.071445e+00 1.840266e-01 2.264564e-01 2.737626e-02 -3.115881e-02 2.532077e-02 -1.070210e-03
7.916164e+00 4.159481e-01 -3.990390e-02 -5.791325e-02 3.140708e-03 3.273794e-02 -2.909132e-03
7.327157e+00 -6.094814e-01 2.374377e-01 3.349085e-02 -8.913286e-03 -2.287961e-02 -7.727293e-05
8.731093e+00 1.752825e-01 -6.488263e-01 2.697530e-02 2.591865e-02 7.002006e-03 -8.181216e-04
4.027776e+00 1.297898e-01 7.035924e-02 -4.428466e-02 -2.715331e-02 5.008896e-02 3.659225e-03
1.377462e+00 -7.938035e-01 2.058166e-01 6.563730e-02 -5.901104e-03 -2.275967e-02 -3.773210e-04
1.276334e+00 6.218528e-01 2.291156e-01 2.687146e-02 -9.791013e-03 2.657422e-02 5.417381e-04
2.527926e+00 1.946979e-03 -6.617322e-02 7.489664e-03 8.796454e-02 2.588133e-03 3.641299e-03
8.970992e+00 7.277189e-03 -3.057095e-03 -4.097095e-04 9.714677e-02 2.312507e-01 -1.451204e-02
3.883698e+00 -1.516296e-01 5.198052e-01 2.079217e-02 -2.992863e-02 -8.730321e-03 -7.345886e-04
5.485314e+00 1.890137e-01 6.762094e-01 2.429301e-02 -2.486775e-02 6.951019e-03 -2.339481e-03
9.266276e+00 -3.071546e-01 4.655470e-01 7.615453e-02 -2.526353e-02 -1.666816e-02 3.644088e-03
1.945093e+00 9.426509e-02 2.010154e-02 -3.157965e-03 -1.338666e-02 6.277603e-02 -1.113020e-04
5.204850e+00 -3.476373e-01 2.035146e-01 -4.027616e-02 -1.452245e-02 -2.480679e-02 3.232445e-04
8.312677e+00 -3.371474e-02 7.642266e-03 -3.052982e-03 -2.332467e-02 -1.028995e-01 8.401440e-03
2.365965e+00 -5.342240e-02 3.285465e-01 -5.842397e-03 -3.898716e-02 -6.339400e-03 3.887207e-04
7.480445e+00 -9.309170e-02 -2.581943e-01 -3.566791e-02 3.285270e-02 -1.184501e-02 1.584124e-03
3.120825e+00 -6.566911e-01 3.412968e-01 -6.070869e-02 -1.007325e-02 -1.938199e-02 5.220180e-04
1.167557e+00 2.552536e-01 -4.509782e-01 6.518819e-02 2.194171e-02 1.241901e-02 1.679871e-03
3.376833e+00 6.308044e-01 -3.240458e-01 -9.873063e-03 1.122510e-02 2.185136e-02 -1.041932e-04
6.852750e+00 -7.857317e-01 -5.805880e-01 -1.804017e-01 1.122271e-02 -1.518811e-02 -9.052048e-04
1.860344e+00 7.669743e-01 9.467707e-02 8.444791e-02 -3.206360e-03 2.597456e-02 5.275468e-04
8.435964e+00 -4.967977e-02 -1.678026e-01 2.112045e-03 4.666549e-02 -1.381582e-02 3.309779e-03
2.109818e+00 -3.805335e-01 1.401792e-02 -5.540766e-03 -1.370886e-03 -3.721437e-02 1.819665e-03
3.047285e+00 3.617422e-01 -6.995096e-01 -2.854605e-02 2.347395e-02 1.213924e-02 3.367655e-03
7.077513e-01 -2.264301e-01 -2.778302e-01 5.301066e-02 3.011714e-02 -2.454531e-02 -1.163615e-03
8.314083e+00 -2.484126e-03 7.254383e-01 6.050819e-02 -2.481082e-02 -8.495994e-05 -6.541415e-04
7.666946e+00 2.638581e-02 3.412656e-02 1.318800e-03 -7.751614e-02 5.993356e-02 4.094372e-04
6.383952e+00 4.917973e-03 -1.991524e-02 -1.059059e-03 1.276684e-01 3.152709e-02 3.198141e-03
2.335724e+00 3.124779e-01 -9.337775e-01 2.222870e-01 2.035343e-02 6.811041e-03 -1.831906e-04
9.936932e+00 6.903129e-01 4.549835e-01 -1.476283e-02 -1.270206e-02 1.927191e-02 -8.885268e-04
6.691376e+00 1.306212e-02 3.386571e-01 -2.779615e-02 -3.575351e-02 1.379025e-03 8.241653e-04
1.788134e+00 1.554388e-01 9.062324e-02 8.041517e-03 -2.250399e-02 3.859930e-02 2.271003e-03
3.333291e+00 4.632127e-01 7.360631e-02 2.896681e-02 -4.898663e-03 3.082783e-02 3.747164e-04
8.363945e-01 7.492784e-03 2.501769e-02 -3.807575e-03 -1.237057e-01 3.704980e-02 -3.766010e-03
7.291428e+00 5.390668e-01 -5.065973e-01 -7.800662e-02 1.817910e-02 1.934425e-02 2.736720e-03
8.400959e+00 -1.357143e-01 3.530732e-01 -1.364922e-02 -3.485723e-02 -1.339842e-02 -2.724108e-03
5.136976e+00 -5.749323e-02 4.807512e-01 3.857612e-02 -3.064935e-02 -3.665368e-03 -2.009791e-04
3.568205e+00 -8.669397e-01 9.587396e-03 8.496529e-02 -2.264599e-04 -2.047762e-02 1.026997e-03
9.773140e+00 1.127195e-01 2.157132e-02 1.441052e-02 -1.034600e-02 5.406234e-02 -4.667970e-03
3.244328e+00 9.291306e-02 2.019091e-02 7.767660e-03 -1.247819e-02 5.742125e-02 3.192564e-03
4.981130e+00 -3.967460e-04 -5.878970e-03 1.280106e-04 2.416883e-01 -1.631049e-02 -1.091712e-03
1.361964e+00 2.012306e-01 -9.216032e-01 4.310136e-02 1.867373e-02 4.077379e-03 -1.487196e-04
2.274979e+00 1.684387e-02 -2.632904e-01 1.929960e-02 4.199270e-02 2.686462e-03 5.695331e-04
5.734800e+00 -3.322795e-01 3.001396e-01 1.379669e-02 -2.087759e-02 -2.311323e-02 1.650433e-03
7.912218e+00 -2.440245e-01 -6.344191e-01 -4.854965e-02 2.248326e-02 -8.648015e-03 1.688347e-03
1.168933e+00 4.399049e-01 2.143691e-01 7.780936e-03 -1.248656e-02 2.562356e-02 1.100869e-03
8.195862e+00 -3.486604e-01 4.464169e-01 -2.132122e-02 -2.301485e-02 -1.797505e-02 1.156722e-03
9.033070e-01 1.154056e-01 1.823504e-01 3.412160e-03 -3.844347e-02 2.433005e-02 2.444691e-03
8.952151e+00 -9.919242e-01 -9.544312e-02 7.814242e-02 2.054124e-03 -2.134816e-02 5.127633e-04
4.618355e+00 7.419462e-01 -1.947853e-01 2.342673e-03 5.549002e-03 2.113641e-02 -6.406828e-04
6.917472e+00 4.589859e-01 -1.357659e-01 6.686074e-02 9.573063e-03 3.236381e-02 -1.994373e-03
2.886891e+00 -6.372934e-01 2.943711e-01 -8.760878e-02 -1.053775e-02 -2.281350e-02 1.730401e-03
2.684349e+00 4.249898e-01 2.710240e-01 7.482282e-02 -1.614313e-02 2.531386e-02 2.900285e-04
4.020054e+00 3.649664e-01 1.783826e-01 -4.091888e-02 -1.416869e-02 2.898879e-02 -1.339348e-03
5.034756e+00 1.800253e-01 8.794674e-01 -2.973665e-02 -2.151084e-02 4.403227e-03 -9.845836e-04
5.160289e+00 9.727464e-02 -1.376065e-01 1.915792e-02 4.328061e-02 3.059524e-02 -7.863463e-04
8.836788e+00 9.408436e-03 2.262783e-02 -1.108005e-03 -1.211334e-01 5.036612e-02 5.222346e-03
6.628947e+00 -9.549615e-02 -3.549594e-01 -4.668048e-02 3.441825e-02 -9.259679e-03 1.104269e-03
1.922299e+00 -2.080254e-01 -5.709467e-01 -1.425445e-02 2.301314e-02 -8.384877e-03 -1.091711e-03
8.551862e+00 -6.503761e-01 3.027321e-01 -7.559641e-02 -9.622505e-03 -2.067256e-02 -8.151730e-04
7.447376e-01 -6.010474e-01 -5.603619e-01 2.038540e-02 1.744958e-02 -1.871653e-02 1.595837e-04
1.152438e+00 7.830632e-01 -2.941978e-01 -2.722364e-02 8.654635e-03 2.303595e-02 -7.339985e-04
1.789187e+00 8.065774e-01 -4.805194e-01 1.377073e-01 1.115001e-02 1.871588e-02 1.161651e-03
5.498686e+00 3.845511e-01 3.031510e-01 -6.678633e-02 -1.949942e-02 2.473528e-02 2.850661e-03
6.042017e+00 -5.701985e-02 -1.707156e-01 -1.546786e-02 4.657238e-02 -1.555540e-02 -1.820583e-03
8.200585e+00 5.680724e-01 -1.633573e-01 -6.667580e-02 6.523002e-03 2.268364e-02 -7.034657e-04
9.170881e+00 -6.190651e-01 -2.293889e-01 9.791268e-02 9.057480e-03 -2.444394e-02 1.114555e-04
6.725791e+00 -2.595318e-01 -1.069745e-01 -1.575742e-02 1.324578e-02 -3.213570e-02 1.227796e-04
1.741739e+00 -1.860403e-01 1.572222e-01 -1.988439e-02 -2.552218e-02 -3.020028e-02 4.686220e-04
1.022714e+00 -1.571989e-01 5.303249e-01 6.201199e-03 -2.993394e-02 -8.873016e-03 8.556466e-04
2.026525e+00 2.170884e-02 2.539206e-01 -9.753527e-03 -4.576021e-02 3.912250e-03 1.065333e-03
6.347357e+00 3.814410e-03 -2.951168e-03 2.808601e-05 2.035342e-01 2.630698e-01 5.503271e-03
5.705393e+00 -2.328166e-02 1.941013e-01 -2.392051e-02 -5.030843e-02 -6.034293e-03 1.330065e-03
7.654599e-01 -2.426778e-01 6.588757e-01 -1.155042e-01 -2.069659e-02 -7.622990e-03 4.349136e-04
4.272013e+00 -5.993209e-01 -4.944912e-01 -2.212156e-02 1.524766e-02 -1.848008e-02 9.992250e-04
8.894552e+00 9.346609e-01 3.230885e-01 1.610248e-01 -6.009244e-03 1.738411e-02 1.973943e-03
5.879270e+00 3.689319e-01 2.907506e-01 2.735300e-02 -1.995721e-02 2.532360e-02 5.834806e-05
8.457628e+00 -7.130789e-01 2.899257e-01 -1.349006e-01 -8.059233e-03 -1.982187e-02 1.471733e-03
8.425163e+00 1.379612e-01 -8.825204e-02 -2.315115e-03 2.717736e-02 4.248537e-02 -3.359506e-03
2.122450e+00 -1.362985e-01 3.137733e-02 1.432487e-02 -1.304633e-02 -5.667134e-02 -1.692641e-03
9.874050e+00 -2.760181e-01 9.131876e-02 3.975775e-02 -1.152655e-02 -3.483991e-02 -4.151324e-04
6.913645e+00 -2.181097e-01 -4.639660e-01 -1.066586e-02 2.891075e-02 -1.359090e-02 2.993829e-03
7.360291e+00 -6.155526e-01 -9.410457e-02 6.054809e-03 4.031051e-03 -2.636773e-02 7.281711e-04
1.305090e+00 4.219360e-01 -7.988149e-01 8.327028e-02 2.081624e-02 1.099519e-02 -1.609971e-03
8.959443e+00 -1.503929e-01 5.248923e-01 3.335540e-02 -2.693847e-02 -7.718449e-03 1.159128e-03
3.223115e+00 -4.696526e-01 -5.588564e-01 1.685238e-02 1.889305e-02 -1.587737e-02 -1.300748e-04
9.663241e+00 -1.465454e-02 -1.217895e-02 -4.051329e-03 1.061139e-01 -1.276834e-01 -2.327706e-03
1.482469e+00 5.835857e-03 8.880748e-01 1.344908e-01 -1.951387e-02 1.282326e-04 -1.401049e-04
1.665862e+00 3.059915e-01 4.430137e-01 -1.438163e-01 -2.475596e-02 1.709905e-02 1.781288e-03
5.993187e-01 9.750709e-01 7.388290e-02 -1.138821e-01 -1.607471e-03 2.121463e-02 -4.539896e-04
7.719899e+00 -9.049291e-01 3.919642e-01 3.056337e-02 -7.773052e-03 -1.794567e-02 1.076888e-03
5.061252e+00 -4.964613e-01 -1.410046e-01 3.548899e-02 8.216216e-03 -2.892838e-02 1.972800e-03
4.126442e+00 7.070552e-01 -3.855171e-01 -6.079317e-02 1.178657e-02 2.161709e-02 -1.299627e-04
5.331355e+00 2.901450e-01 -2.656037e-02 4.994260e-02 3.453664e-03 3.772776e-02 -7.735577e-04
8.057143e+00 6.306112e-01 -4.397804e-03 8.273007e-03 1.652499e-04 2.369556e-02 7.136372e-04
3.244203e+00 1.971740e-01 -4.601606e-01 6.261097e-02 2.562719e-02 1.098098e-02 4.789720e-04
5.533422e+00 1.316590e-01 3.688987e-01 1.741886e-02 -3.157626e-02 1.126948e-02 4.013847e-03
6.454542e+00 2.749339e-02 2.238551e-01 3.181157e-02 -4.667651e-02 5.732705e-03 -1.169008e-03
4.757720e+00 1.369636e-02 -4.836099e-02 -3.352272e-03 9.551029e-02 2.704956e-02 -1.172417e-03
8.641439e+00 3.060793e-02 -7.575256e-02 -6.836311e-03 7.613699e-02 3.076326e-02 3.980196e-03
6.024024e+00 4.377810e-01 3.568836e-01 -2.115046e-02 -1.947373e-02 2.388798e-02 -4.404502e-05
1.703357e+00 4.722225e-01 4.764309e-01 -5.941656e-02 -1.927321e-02 1.910297e-02 2.417612e-04
7.951104e+00 7.519139e-01 -1.366458e-01 2.083778e-02 4.087781e-03 2.249363e-02 -9.978602e-04
5.323894e+00 2.825140e-01 -4.134322e-01 9.748281e-02 2.619688e-02 1.790133e-02 -1.894408e-04
3.127790e+00 -1.498152e-01 -6.679792e-01 5.426377e-03 2.731022e-02 -6.125171e-03 -2.737248e-03
5.295955e+00 -3.218400e-01 -4.606316e-01 5.436800e-02 2.543428e-02 -1.777075e-02 -1.201227e-03
3.305085e+00 -5.328670e-01 -4.136673e-01 -8.796575e-03 1.508087e-02 -1.942647e-02 -5.305332e-04
3.327009e+00 -6.038372e-01 1.245222e-01 -2.846715e-02 -5.978560e-03 -2.899143e-02 3.992368e-03
1.782573e+00 1.443182e-01 1.365725e-01 -1.194414e-02 -3.043881e-02 3.216513e-02 -2.013618e-03
1.074896e+00 2.461949e-01 -7.481310e-02 4.158357e-03 1.137791e-02 3.744241e-02 -7.417836e-04
3.437850e+00 -2.934058e-02 4.180872e-01 -1.669073e-03 -3.329333e-02 -2.336464e-03 1.038330e-03
3.023752e+00 7.943613e-03 2.806144e-03 -4.373801e-04 -7.996418e-02 2.263620e-01 1.024297e-02
6.505538e+00 -4.025564e-01 -8.195475e-01 -1.341757e-01 2.026912e-02 -9.956061e-03 -7.012446e-04
6.726018e+00 -7.889763e-01 3.899262e-01 3.654713e-02 -9.582973e-03 -1.939018e-02 -3.464920e-04
6.021325e+00 7.929695e-01 2.256956e-01 6.057636e-02 -6.479995e-03 2.276712e-02 2.878563e-04
4.028367e+00 6.414616e-02 4.656964e-01 3.391385e-02 -2.630738e-02 3.623643e-03 4.572399e-04
4.462965e+00 3.173340e-01 -5.578695e-01 4.175179e-02 2.393100e-02 1.361272e-02 -1.253652e-03
3.691218e+00 4.998317e-01 -7.335055e-01 -2.550573e-01 1.570722e-02 1.070335e-02 -5.984951e-04
9.960909e-01 8.308149e-01 7.745977e-02 6.119162e-03 -2.265843e-03 2.430289e-02 -1.363634e-03
1.494701e+00 -2.266736e-02 -3.081810e-01 -1.099211e-02 3.458480e-02 -2.543785e-03 -7.823678e-04
8.917718e+00 1.430765e-01 4.890323e-02 7.647973e-03 -1.951735e-02 5.710203e-02 2.868829e-04
6.828166e+00 -4.285078e-01 -4.841677e-01 3.991625e-02 1.896995e-02 -1.678917e-02 1.783849e-03
9.910310e+00 2.715347e-01 3.854030e-01 -6.615118e-02 -2.602660e-02 1.833697e-02 -6.128467e-04
1.132206e+00 2.803411e-02 -4.897174e-01 -6.014326e-03 2.803163e-02 1.604685e-03 4.249702e-04
7.792180e-01 -3.739073e-01 -7.291307e-01 -1.441104e-01 2.195076e-02 -1.125662e-02 -8.171572e-04
7.543991e+00 -4.158292e-01 3.986361e-02 -8.876350e-02 -2.856751e-03 -2.979962e-02 -3.208623e-04
8.984047e+00 -2.040954e-01 8.808606e-02 -4.245275e-02 -1.953940e-02 -4.527279e-02 -3.543080e-03
4.016005e+00 -1.549756e-01 1.626093e-01 3.484215e-02 -3.008552e-02 -2.867316e-02 -1.563443e-03
1.293215e+00 -2.824004e-02 5.200727e-02 -3.300863e-03 -8.098939e-02 -4.397738e-02 9.385182e-03
8.233367e+00 2.066056e-02 -2.512572e-01 -3.322393e-02 4.238504e-02 3.485268e-03 -3.986676e-03
1.865647e+00 -3.377481e-01 4.396588e-01 8.831559e-02 -2.300433e-02 -1.767204e-02 5.558435e-04
1.425407e+00 5.604333e-01 -6.063565e-01 9.909545e-02 1.557768e-02 1.439789e-02 8.957054e-05
2.987143e+00 -4.411774e-01 3.999601e-01 5.807695e-02 -1.606508e-02 -1.772064e-02 8.270592e-04
9.998604e+00 -5.184007e-01 9.362144e-02 1.083851e-02 -4.777596e-03 -2.645451e-02 6.796939e-04
3.151920e+00 -1.907234e-01 -5.389292e-01 -4.568610e-02 2.859293e-02 -1.011885e-02 -9.505699e-04
7.147669e-01 3.198524e-02 -1.001274e-01 -4.871460e-03 6.189923e-02 1.977342e-02 -7.057513e-03
6.046378e+00 -1.955114e-02 2.298543e-03 1.021171e-03 -1.773564e-02 -1.508573e-01 -1.639402e-03
7.006243e+00 4.617327e-01 -2.671378e-01 -1.533910e-02 1.586758e-02 2.742622e-02 1.422930e-03
3.922861e+00 2.970967e-01 5.291568e-01 -1.339580e-02 -2.542500e-02 1.427495e-02 1.152808e-03
4.039090e+00 4.756201e-03 -2.700331e-02 -6.694001e-04 1.149606e-01 2.024848e-02 5.299084e-03
5.016148e-01 7.170486e-01 1.076599e-01 1.370652e-01 -3.392752e-03 2.259679e-02 4.556410e-04
7.278310e+00 -6.132216e-01 -5.930393e-02 -8.491310e-02 2.244643e-03 -2.321032e-02 1.482426e-03
6.986315e+00 3.785219e-01 -5.275254e-02 -1.580617e-02 5.045354e-03 3.620256e-02 9.419389e-04
5.878189e+00 6.155527e-01 -1.068030e-01 1.100396e-01 4.848120e-03 2.794184e-02 -1.854107e-03
4.497144e+00 4.116134e-01 4.003546e-01 9.972264e-02 -1.972257e-02 2.027721e-02 -2.891793e-04
6.237492e-01 -2.534513e-02 2.441689e-01 -4.483539e-02 -4.472527e-02 -4.642556e-03 -2.830958e-03
7.029155e+00 5.775639e-01 -4.581539e-01 -1.455036e-01 1.504917e-02 1.897148e-02 1.979275e-03
9.103699e+00 -3.755312e-01 -6.506810e-02 3.834506e-02 6.088161e-03 -3.513695e-02 -8.656737e-04
3.000929e+00 8.032620e-02 -2.669742e-01 -8.233361e-03 3.893460e-02 1.171450e-02 2.042244e-03
8.858146e+00 -3.216030e-02 1.803507e-01 -8.530359e-04 -4.595840e-02 -8.195342e-03 -2.418051e-03
8.919996e-01 -4.987420e-02 -9.218072e-01 -9.546341e-02 2.382006e-02 -1.288780e-03 -2.042446e-03
5.566962e+00 -7.461008e-01 -1.228420e-01 8.864245e-02 4.175794e-03 -2.536237e-02 -1.272808e-03
1.493862e+00 -5.354466e-02 -8.046715e-01 1.979358e-03 2.384884e-02 -1.586955e-03 1.229050e-03
5.048683e+00 1.273859e-01 -1.270956e-01 7.495659e-03 3.050980e-02 3.057951e-02 2.749352e-04
4.655923e+00 -6.444659e-01 4.012006e-01 -1.404390e-02 -1.149265e-02 -1.846114e-02 1.375536e-04
7.255488e+00 1.487653e-01 -8.941025e-01 6.428869e-02 2.231678e-02 3.713179e-03 -7.874212e-04
5.982233e+00 5.833720e-01 -6.898782e-01 4.885058e-02 1.653777e-02 1.398460e-02 2.108381e-04
2.716650e+00 -7.750797e-01 3.628268e-02 1.805363e-01 -1.139445e-03 -2.434111e-02 -1.449136e-03
8.774406e+00 2.359055e-01 -2.122201e-02 1.101627e-02 3.928963e-03 4.367464e-02 -1.601359e-03
8.575817e-01 5.068560e-01 -8.867811e-02 -3.598518e-02 5.333214e-03 3.048296e-02 4.267335e-04
3.961586e+00 6.206148e-01 -4.144547e-01 6.737007e-02 1.334366e-02 1.998114e-02 1.546882e-03
8.162259e+00 5.994484e-01 6.378200e-01 -1.570507e-02 -1.609333e-02 1.512515e-02 -1.477431e-03
2.240026e+00 -2.320409e-01 -3.068978e-01 1.301501e-02 2.842549e-02 -2.149209e-02 -1.281866e-03
2.894818e+00 1.131626e-01 -1.119731e-01 -1.285331e-02 3.733572e-02 3.773236e-02 -2.760642e-03
2.142075e+00 -7.253684e-01 -1.780121e-01 8.967516e-02 5.035981e-03 -2.052074e-02 2.476535e-03
4.430115e+00 -4.802723e-01 5.182462e-01 -5.594659e-02 -1.775442e-02 -1.645349e-02 1.864028e-03
8.003284e+00 -7.463897e-01 2.476677e-01 3.975140e-02 -7.929279e-03 -2.389626e-02 1.212540e-03
6.655830e+00 3.148102e-03 1.306151e-01 1.533743e-02 -6.295740e-02 1.517408e-03 1.078320e-03
4.664447e+00 -1.774568e-01 1.489794e-02 3.866659e-03 -4.414222e-03 -5.258001e-02 1.733824e-03
1.300310e+00 -1.807500e-01 1.386793e-01 6.162467e-02 -2.603078e-02 -3.392766e-02 3.414563e-03
3.391335e+00 1.191896e-01 2.016354e-01 -1.521616e-02 -3.712836e-02 2.194711e-02 -2.102314e-03
4.040782e+00 -8.325852e-01 -4.112897e-01 -9.423924e-02 8.503063e-03 -1.721299e-02 3.013234e-04
9.126644e+00 3.054246e-01 -1.881878e-01 5.441569e-02 1.824018e-02 2.960341e-02 -1.839217e-03
3.888333e+00 -5.918547e-01 -1.743925e-01 1.138943e-01 6.578286e-03 -2.232544e-02 4.698329e-04
4.834567e+00 -1.136622e-01 -3.119324e-01 -2.468864e-02 3.759632e-02 -1.369938e-02 -1.630322e-03
4.264263e+00 -7.915462e-01 -5.090002e-01 -1.611588e-02 1.175061e-02 -1.827337e-02 9.047024e-05
9.325152e+00 4.427432e-02 -1.560279e-02 9.927976e-04 3.433810e-02 9.743746e-02 -4.110789e-05
3.461058e+00 -7.265413e-03 4.940717e-02 -6.679439e-04 -8.344119e-02 -1.227018e-02 3.496335e-03
1.370177e+00 -4.531232e-01 5.902437e-01 -5.173661e-02 -1.876907e-02 -1.440880e-02 1.022748e-03
7.767981e+00 5.963984e-01 -4.501079e-01 -2.051307e-02 1.369821e-02 1.815030e-02 -7.549941e-05
4.821178e+00 -1.508539e-01 6.352051e-02 2.355739e-02 -2.142773e-02 -5.088840e-02 -1.476167e-03
5.596587e+00 3.373067e-01 -4.826697e-02 3.714723e-02 5.114801e-03 3.574404e-02 1.851971e-03
6.492309e+00 2.490121e-02 -4.133340e-01 2.825892e-02 2.828751e-02 1.704175e-03 1.706330e-03
2.227971e+00 5.116871e-01 -4.183202e-01 3.348532e-02 1.793763e-02 2.194122e-02 -6.392289e-04
3.625540e+00 2.417603e-01 7.177342e-01 4.205807e-02 -2.530055e-02 8.522192e-03 -4.668208e-04
9.087227e+00 1.685831e-01 -7.987168e-01 1.655522e-02 2.071076e-02 4.371366e-03 -1.512803e-03
2.566276e+00 1.800205e-01 -1.341844e-01 3.669688e-02 2.514949e-02 3.374032e-02 3.455058e-03
6.406825e+00 3.873007e-03 6.765045e-02 5.658934e-03 -8.654408e-02 4.954672e-03 3.641553e-03
6.150259e-01 6.877947e-01 6.763808e-01 6.099204e-02 -1.669480e-02 1.697653e-02 -1.914232e-03
4.228329e+00 2.596394e-01 -1.227578e-02 4.541426e-03 1.799885e-03 3.806855e-02 8.032122e-04
4.007758e+00 2.392793e-01 -6.921899e-01 6.116020e-02 2.130607e-02 7.365178e-03 -7.969786e-04
6.870361e+00 -1.473090e-01 -3.167277e-01 -4.068274e-03 3.587957e-02 -1.668747e-02 -2.161665e-03
5.329063e+00 -1.858966e-02 1.172685e-01 1.062424e-02 -5.179155e-02 -8.210110e-03 -2.217592e-03
8.571094e+00 -2.548860e-01 4.159620e-01 3.508799e-02 -2.769011e-02 -1.696746e-02 -7.147915e-04
4.555038e+00 -7.495074e-01 -3.882351e-02 -4.034590e-02 1.349052e-03 -2.604413e-02 1.592315e-03
6.124619e+00 -5.838759e-01 -7.597523e-01 1.019956e-01 1.588186e-02 -1.220534e-02 -1.780847e-03
4.180444e+00 -6.025489e-01 -3.831457e-01 -1.987684e-01 1.222644e-02 -1.922774e-02 -2.137631e-03
9.866055e+00 2.100672e-01 1.090286e-01 -3.744400e-02 -1.782958e-02 3.435256e-02 7.255126e-04
2.358570e+00 -3.003304e-02 5.448686e-01 -1.447016e-04 -3.147961e-02 -1.735149e-03 -6.097390e-05
9.565023e+00 -1.205419e-01 -8.320075e-02 7.354071e-03 3.030062e-02 -4.389976e-02 -1.878432e-03
2.555643e+00 -1.931511e-01 6.452339e-02 -1.047967e-02 -1.612931e-02 -4.828319e-02 -1.128286e-03
6.067017e+00 -1.211309e-01 9.342434e-01 2.627566e-02 -2.390458e-02 -3.099388e-03 1.136841e-03
4.826176e+00 3.628504e-01 -5.827713e-01 -6.748981e-04 2.021729e-02 1.258787e-02 -9.433539e-04
5.661451e+00 8.421571e-01 -2.418016e-01 -1.800536e-02 5.691415e-03 1.982231e-02 5.059254e-04
3.161334e+00 6.499987e-01 -9.306539e-03 -1.300353e-01 3.878010e-04 2.708527e-02 8.027955e-04
5.863074e+00 2.317379e-01 -6.888030e-01 7.457966e-02 2.169468e-02 7.298865e-03 2.918719e-03
4.237479e+00 3.616096e-01 -3.750054e-01 -8.462283e-02 2.098359e-02 2.023402e-02 -2.596436e-04
6.358185e+00 -2.355526e-01 -2.921303e-01 -3.831306e-02 2.900447e-02 -2.338709e-02 1.503901e-03
3.095172e+00 -5.142930e-01 -1.633830e-01 2.846346e-02 8.446738e-03 -2.658844e-02 1.561450e-03
3.737885e+00 -3.874405e-01 -3.144595e-01 7.038614e-02 1.913900e-02 -2.358086e-02 1.997747e-03
8.175560e+00 5.020094e-02 -1.054805e-01 -8.852183e-03 5.566220e-02 2.649109e-02 3.727061e-04
6.448054e+00 8.509465e-01 -1.673270e-02 6.559793e-02 4.410257e-04 2.242849e-02 1.414666e-03
7.768820e+00 2.211979e-02 -5.396849e-02 5.605878e-03 8.827969e-02 3.618275e-02 -3.236157e-03
4.861643e+00 -1.243816e-01 1.060843e-01 -3.472580e-02 -3.615472e-02 -4.239062e-02 1.877851e-03
1.436280e+00 2.635859e-01 1.341979e-01 8.765661e-03 -1.949741e-02 3.829599e-02 -3.507822e-03
4.447601e+00 1.341082e-01 7.052576e-01 8.162997e-02 -2.368419e-02 4.503664e-03 -1.134464e-03
1.158918e+00 -1.531445e-01 -2.383002e-01 1.479866e-02 3.693864e-02 -2.373875e-02 2.537560e-03
2.193415e+00 5.677418e-01 -6.054808e-01 2.020867e-02 1.686382e-02 1.581272e-02 -5.214085e-04
9.256331e+00 -5.287736e-01 6.578065e-01 9.642386e-02 -1.549196e-02 -1.245311e-02 -3.991115e-04
4.144648e+00 3.724504e-01 -1.212905e-01 -4.851538e-02 9.601481e-03 2.948356e-02 -3.214843e-05
5.636532e+00 -8.962578e-01 2.496860e-01 6.042421e-02 -6.186163e-03 -2.220548e-02 3.318611e-04
4.853995e+00 6.917777e-02 1.912779e-01 1.451178e-03 -4.736625e-02 1.713052e-02 2.592570e-03
6.206901e+00 -1.771066e-01 1.271321e-02 -2.313576e-03 -3.307310e-03 -4.607386e-02 -1.350217e-03
7.609671e+00 4.541708e-01 5.414106e-01 6.253701e-02 -1.886438e-02 1.582468e-02 -1.682808e-03
7.943294e+00 -3.366683e-01 1.130148e-01 5.011869e-02 -1.216188e-02 -3.622995e-02 2.056575e-03
8.598487e+00 5.157955e-03 -3.465898e-02 1.530236e-03 1.104687e-01 1.643997e-02 -5.396706e-03
6.933118e+00 7.832836e-02 -1.416099e-01 -1.138679e-02 4.832682e-02 2.673090e-02 4.133996e-03
1.753807e+00 1.293909e-01 1.696398e-02 5.019827e-03 -8.456408e-03 6.450034e-02 5.167218e-03
5.263365e+00 -3.055205e-02 3.615052e-02 1.635226e-04 -6.975914e-02 -5.895586e-02 3.597226e-03
3.346547e+00 -9.124325e-02 -9.657079e-01 9.666015e-03 2.123066e-02 -2.005942e-03 -1.752933e-03
7.041122e+00 1.813593e-01 8.859864e-01 -1.284719e-01 -2.264343e-02 4.635055e-03 -1.535117e-04
7.718643e+00 1.531069e-01 3.559663e-01 -4.328269e-02 -2.693726e-02 1.158615e-02 5.091495e-04
6.729714e+00 1.879169e-01 -2.423462e-03 -1.165103e-03 5.611221e-04 4.350978e-02 6.211363e-05
5.007322e+00 1.452776e-02 4.721067e-03 -9.675869e-04 -5.693438e-02 1.751996e-01 9.893447e-04
8.319912e+00 -7.514774e-01 -6.435589e-01 6.053925e-02 1.494900e-02 -1.745580e-02 2.139261e-03
5.807357e+00 6.959133e-02 -8.602693e-02 -1.898227e-02 5.128770e-02 4.148909e-02 1.418093e-03
6.170662e-01 -1.039411e-01 9.163740e-02 -1.175276e-02 -4.026750e-02 -4.567400e-02 2.976222e-03
1.070408e+00 -7.152403e-01 4.984035e-01 5.220771e-02 -1.249827e-02 -1.793581e-02 -2.528699e-03
6.553854e+00 3.310990e-02 1.403043e-01 -1.398852e-02 -5.868968e-02 1.384996e-02 5.935437e-04
4.138186e+00 4.519863e-01 3.023786e-01 -1.654724e-02 -1.404310e-02 2.099120e-02 -3.948703e-04
2.631277e+00 -2.239722e-01 1.805335e-01 -1.329489e-02 -2.223213e-02 -2.758147e-02 1.994598e-03
9.569942e+00 1.806647e-01 -1.526759e-01 -2.270219e-02 2.980019e-02 3.526322e-02 1.101372e-03
9.815058e+00 7.890645e-02 1.535709e-01 2.053018e-02 -4.489131e-02 2.306566e-02 -2.202643e-03
7.751418e+00 -9.190219e-02 -1.234309e-01 1.416230e-02 3.878179e-02 -2.887553e-02 -2.528335e-03
1.299857e+00 2.003387e-01 3.388628e-01 -5.615007e-02 -2.689150e-02 1.589849e-02 2.465915e-04
4.120674e+00 -3.330217e-01 2.044187e-02 1.806380e-02 -2.466083e-03 -4.017534e-02 -1.872619e-03
2.197327e+00 -9.469132e-01 -2.717157e-01 -1.773270e-02 6.029146e-03 -2.101122e-02 2.956920e-06
1.393966e+00 5.452838e-02 2.925156e-01 1.795546e-03 -3.387380e-02 6.314478e-03 5.384127e-03
3.864052e+00 8.291598e-02 4.677423e-02 1.756348e-02 -3.149077e-02 5.582323e-02 -1.655663e-03
4.873845e+00 1.084275e-01 -6.790406e-01 -1.337365e-02 2.710147e-02 4.327495e-03 -5.128486e-04
1.129138e+00 3.112548e-01 -1.791256e-01 7.613397e-02 1.885459e-02 3.276238e-02 -3.217670e-04
7.367566e-01 -1.747479e-01 -3.019217e-01 3.427495e-02 3.220279e-02 -1.863850e-02 -1.401383e-04
8.633315e+00 -6.774838e-01 2.786966e-01 3.512503e-02 -1.041034e-02 -2.530650e-02 9.976529e-04
7.455815e+00 -7.900165e-01 5.474585e-01 -1.919612e-02 -1.209102e-02 -1.744809e-02 7.737680e-04
2.751930e+00 7.950677e-01 3.690813e-01 5.998523e-02 -9.656335e-03 2.080149e-02 -1.173782e-04
9.862230e+00 -5.569971e-01 -4.729401e-01 1.593768e-01 1.559645e-02 -1.836844e-02 -1.691414e-03
8.596404e+00 -6.354224e-01 -6.022851e-01 -8.080086e-02 1.566813e-02 -1.653018e-02 -1.347494e-03
5.510434e+00 4.260611e-01 -3.466161e-02 9.396417e-03 2.329681e-03 2.863647e-02 6.167684e-04
3.937653e+00 5.737496e-02 6.391388e-03 -5.943339e-03 -1.005578e-02 9.026987e-02 -3.991178e-03
6.688437e+00 5.906155e-02 5.733396e-01 -1.917928e-02 -2.800869e-02 2.885265e-03 9.900381e-04
6.098942e-01 5.184058e-02 2.823543e-02 4.399344e-03 -4.431748e-02 8.136741e-02 -6.769657e-04
2.699266e+00 -1.892547e-01 6.968775e-01 -5.953778e-02 -2.282251e-02 -6.198028e-03 1.095588e-03
4.634566e+00 -2.589498e-01 2.173286e-01 2.076923e-02 -2.561099e-02 -3.051582e-02 -3.498181e-03
5.543717e+00 5.144176e-02 2.165470e-01 1.037287e-02 -4.590216e-02 1.090428e-02 5.262860e-03
5.931689e+00 2.962249e-01 3.319911e-01 1.814719e-02 -2.351968e-02 2.098585e-02 1.528958e-03
5.280375e+00 -2.229375e-01 1.576229e-01 -2.080579e-02 -2.365762e-02 -3.346067e-02 -2.460380e-03
8.639034e-01 4.065679e-01 3.425659e-02 1.018546e-02 -3.002881e-03 3.563912e-02 -5.222429e-04
3.008798e+00 6.236752e-01 -6.927007e-01 -3.775991e-02 1.736802e-02 1.563735e-02 2.935665e-04
5.828395e+00 1.045984e-01 1.960927e-01 -3.331136e-02 -3.565227e-02 1.901738e-02 2.281872e-04
3.662321e+00 6.828604e-01 4.750764e-01 -7.594846e-03 -1.305101e-02 1.875912e-02 -1.374970e-03
9.539432e+00 3.225304e-03 -8.541615e-01 5.860834e-02 2.046191e-02 7.726393e-05 2.374937e-03
8.176577e-01 -1.995829e-01 7.201655e-01 1.293239e-02 -2.569185e-02 -7.120105e-03 -1.025092e-03
1.095688e+00 5.822755e-02 -2.512333e-01 4.188254e-03 4.012366e-02 9.299335e-03 -2.729364e-03
2.559049e+00 5.156273e-01 -6.708089e-01 2.133071e-02 1.846094e-02 1.419028e-02 9.054625e-04
7.333433e+00 -9.483063e-01 6.742228e-02 -3.665161e-02 -1.487573e-03 -2.092298e-02 4.593922e-04
4.174867e+00 8.789169e-01 8.258959e-02 -3.990558e-02 -1.916050e-03 2.039056e-02 4.604711e-04
5.975211e+00 -4.027555e-01 -2.000753e-01 4.166353e-02 1.414435e-02 -2.847285e-02 -1.056798e-03
1.761869e+00 6.972722e-01 -5.648191e-01 -4.974930e-02 1.410704e-02 1.741521e-02 7.109313e-04
5.809103e+00 8.386431e-02 1.470221e-01 1.366733e-02 -4.902519e-02 2.796494e-02 3.224299e-03
2.414422e+00 3.751616e-01 -8.127806e-01 5.113699e-03 2.088608e-02 9.640554e-03 -1.079037e-03
5.699950e+00 6.110597e-01 -2.713776e-01 3.882467e-02 1.052346e-02 2.369562e-02 -2.233346e-03
5.749985e-01 2.582668e-01 4.806298e-01 9.658353e-02 -2.757760e-02 1.481885e-02 5.604000e-04
9.575435e+00 9.253436e-02 -4.394140e-02 -1.509660e-02 2.773576e-02 5.840758e-02 -6.368803e-03
6.721834e+00 -8.690373e-02 -6.376591e-02 4.530041e-04 3.453059e-02 -4.706021e-02 -3.388834e-03
4.725026e+00 -8.056253e-02 -1.634813e-01 1.898444e-02 4.200086e-02 -2.069776e-02 2.570707e-05
4.737186e+00 -6.718355e-01 1.281835e-01 -4.363432e-02 -4.910248e-03 -2.573560e-02 -9.393224e-04
1.100038e+00 1.675410e-01 -7.468091e-02 -1.071234e-02 2.063454e-02 4.629203e-02 -2.546139e-03
6.598543e+00 8.823253e-02 8.770132e-02 -1.275345e-02 -4.196150e-02 4.221567e-02 -5.586245e-03
3.182422e+00 -9.834165e-02 -8.594597e-01 -1.664990e-02 2.383220e-02 -2.726944e-03 -6.055321e-04
4.766769e+00 1.781726e-01 -7.872387e-02 3.804099e-03 1.860980e-02 4.211882e-02 -2.676991e-03
5.227246e+00 -3.083139e-01 7.599229e-01 -5.373151e-02 -2.091494e-02 -8.485555e-03 -1.302345e-03
4.755300e+00 -3.586636e-01 -6.013126e-02 -6.356658e-03 6.423263e-03 -3.831269e-02 4.366718e-03
4.586283e+00 -8.245849e-02 3.851400e-02 -1.052816e-02 -3.243265e-02 -6.943832e-02 -5.643593e-03
8.322624e+00 8.734852e-04 -6.993256e-03 -6.644103e-05 2.536640e-01 3.168364e-02 -6.486988e-03
5.016164e+00 -7.738878e-01 2.491962e-01 -3.408703e-02 -6.842409e-03 -2.124934e-02 5.846156e-04
9.128591e+00 4.926579e-01 -4.847957e-01 -5.122710e-03 1.736595e-02 1.764758e-02 1.318833e-03
2.436913e+00 -1.073545e-01 -1.427649e-02 -7.433938e-03 8.254689e-03 -6.207257e-02 -3.052440e-03
6.826645e+00 -8.666209e-01 9.820272e-02 9.575623e-02 -2.673347e-03 -2.359179e-02 2.096527e-03
6.320489e+00 1.485207e-01 -5.202939e-01 4.650969e-02 2.491149e-02 7.111117e-03 1.305095e-03
6.624754e+00 8.257359e-01 -2.287538e-01 8.030933e-02 6.415598e-03 2.315848e-02 4.478290e-04
1.524951e+00 1.971939e-01 2.400207e-02 5.901608e-03 -6.058938e-03 4.977845e-02 1.644826e-03
1.671728e+00 -5.773017e-01 1.176021e-01 7.851872e-02 -5.905776e-03 -2.899110e-02 -1.139025e-03
5.985159e+00 -5.597784e-02 -5.969047e-02 7.384498e-04 5.782569e-02 -5.422904e-02 -4.206142e-04
4.689558e+00 3.719426e-01 -4.105630e-01 -4.854631e-02 2.274331e-02 2.060392e-02 7.100934e-04
2.051866e+00 -1.999644e-01 -2.157998e-01 2.338134e-02 2.908329e-02 -2.694915e-02 3.555472e-03
9.427303e+00 2.502851e-02 3.659113e-01 -5.158803e-03 -3.244511e-02 2.219261e-03 -1.562495e-03
2.330385e+00 -7.568091e-01 -1.603121e-01 9.760588e-02 4.339357e-03 -2.048544e-02 -1.106475e-04
9.016591e+00 -3.545764e-01 5.647326e-01 3.798814e-02 -2.341183e-02 -1.469949e-02 -6.923802e-04
2.916958e+00 2.198316e-01 5.537441e-01 4.640146e-03 -2.601757e-02 1.032875e-02 1.057699e-03
7.285144e+00 1.024926e-01 -2.273813e-01 -2.924692e-03 3.546285e-02 1.598496e-02 2.714036e-04
4.946624e+00 4.193976e-01 -4.287081e-01 3.702848e-02 2.032017e-02 1.987887e-02 -5.393900e-04
6.712754e-01 -1.298571e-01 4.662296e-01 -1.252979e-02 -3.244368e-02 -9.036413e-03 1.696537e-04
9.987513e+00 1.115194e-01 -3.679593e-01 -2.502897e-02 3.627697e-02 1.099466e-02 -1.975692e-03
1.004697e+00 3.436618e-01 7.520638e-02 -3.558910e-02 -8.292588e-03 3.789367e-02 8.664295e-04
9.928208e-01 -3.177567e-02 1.773839e-02 -2.470398e-03 -5.588016e-02 -1.001010e-01 1.120357e-03
5.748588e+00 2.993252e-01 3.747527e-01 1.843902e-02 -2.382780e-02 1.903192e-02 -2.233246e-03
3.506392e+00 -7.518175e-02 6.780090e-02 -7.088046e-03 -4.885830e-02 -5.417705e-02 -4.852850e-03
8.549202e+00 -1.104936e-01 -8.482579e-01 8.157073e-02 2.199751e-02 -2.865383e-03 -3.782275e-04
7.337092e+00 -3.941445e-01 6.830501e-01 1.182854e-01 -2.009569e-02 -1.159594e-02 -1.453074e-03
6.220968e+00 4.640013e-01 8.630171e-01 9.681957e-02 -1.787116e-02 9.608430e-03 -4.561879e-04
1.019009e+00 -1.009397e-01 -4.304430e-01 -4.743437e-02 3.027210e-02 -7.098865e-03 1.579182e-03
7.331725e+00 1.864033e-01 6.051175e-02 3.211117e-02 -1.501772e-02 4.626130e-02 5.672509e-03
4.497930e+00 -1.503892e-03 5.059327e-01 -4.932410e-02 -3.238407e-02 -9.626207e-05 -1.389216e-03
2.286599e+00 7.710839e-02 1.236634e-01 3.530750e-03 -4.781804e-02 2.981620e-02 -1.262105e-03
2.793107e+00 3.458893e-01 -5.554693e-01 -3.319009e-02 2.128752e-02 1.325568e-02 1.405749e-03
6.463355e+00 1.875566e-03 1.110363e-01 1.375861e-02 -6.693637e-02 1.130654e-03 2.487827e-03
5.217337e+00 2.683749e-01 3.849162e-01 2.402333e-02 -2.392005e-02 1.667776e-02 6.181976e-04
8.730117e+00 6.448102e-01 -4.796550e-02 -4.900339e-02 1.758394e-03 2.363845e-02 2.765246e-05
8.488042e+00 1.559737e-01 -1.775510e-01 7.683975e-03 3.610385e-02 3.171624e-02 1.027848e-03
4.697291e+00 1.791233e-01 -4.100617e-01 3.365455e-02 2.745905e-02 1.199468e-02 -6.198718e-04
8.102652e+00 -5.560285e-01 -2.377249e-02 -1.253764e-02 1.187187e-03 -2.776781e-02 -1.715531e-03
7.824247e+00 4.319006e-01 3.653106e-01 1.161581e-02 -1.718410e-02 2.031647e-02 2.190187e-03
3.704764e+00 1.606652e-01 3.503144e-01 -8.666803e-02 -2.659855e-02 1.219893e-02 -2.867880e-03
3.663865e+00 -6.576726e-01 3.408530e-01 -1.518149e-02 -1.062552e-02 -2.050184e-02 -2.503924e-04
7.800156e+00 5.550630e-01 4.702739e-01 4.846797e-02 -1.416155e-02 1.671484e-02 1.904992e-03
2.649621e+00 -7.323217e-03 -7.900996e-03 -4.597005e-04 1.595655e-01 -1.478969e-01 5.841347e-03
5.062651e+00 1.782249e-01 8.720509e-01 -1.448935e-01 -1.982746e-02 4.052225e-03 -1.743467e-03
1.620698e+00 -3.548892e-02 -7.052200e-01 -6.839030e-02 2.555320e-02 -1.285919e-03 6.735032e-05
5.911018e+00 3.260648e-01 -4.609709e-01 3.982622e-02 2.074311e-02 1.467250e-02 -1.944933e-04
1.849172e+00 -1.915530e-02 -6.221594e-02 7.218284e-03 6.869677e-02 -2.115065e-02 1.571205e-03
4.948499e+00 -2.674832e-01 7.623876e-01 7.074204e-02 -2.228092e-02 -7.817248e-03 8.996788e-04
5.845140e+00 1.689975e-02 -6.480757e-01 -5.259873e-02 2.708245e-02 7.062237e-04 -7.014863e-04
8.979700e+00 -3.498435e-02 -8.294024e-01 -8.305325e-02 2.088782e-02 -8.810521e-04 9.127868e-04
2.645486e+00 1.213585e-01 5.999055e-02 -1.501162e-02 -2.233368e-02 4.518015e-02 5.812043e-04
1.755793e+00 2.475534e-01 -5.613767e-01 1.020955e-02 2.448686e-02 1.079810e-02 -4.340628e-05
6.455903e+00 -9.460268e-03 1.175170e-01 -2.871890e-03 -6.528559e-02 -5.255575e-03 -2.833384e-03
2.216178e+00 1.076130e-01 7.325017e-01 6.280781e-03 -2.412787e-02 3.544663e-03 -4.573454e-05
2.388397e+00 8.548265e-01 4.090412e-01 -1.492452e-01 -9.777104e-03 2.043249e-02 -5.262810e-04
8.252791e+00 3.909038e-01 1.158614e-01 -3.563235e-02 -8.872444e-03 2.993467e-02 -1.235083e-03
2.102492e+00 2.334232e-01 7.452595e-01 1.160687e-02 -2.133661e-02 6.682853e-03 -6.458372e-04
1.945984e+00 -3.425943e-01 -8.380630e-01 -1.613835e-02 1.931296e-02 -7.895002e-03 3.191588e-04
4.845818e+00 -1.745585e-02 -1.027688e-01 -1.196725e-02 7.154602e-02 -1.215249e-02 -4.939559e-03
4.258310e+00 -2.553023e-01 -9.125478e-02 -3.883148e-02 1.219731e-02 -3.412425e-02 4.662019e-03
1.065896e+00 3.745597e-03 6.651999e-01 -6.592386e-02 -2.246999e-02 1.265237e-04 3.460477e-04
4.602333e+00 -6.449978e-01 -2.241989e-01 -1.152514e-01 8.261155e-03 -2.376651e-02 9.124326e-05
4.640795e+00 5.653537e-01 -1.889958e-02 -1.000259e-01 8.487644e-04 2.538957e-02 -1.563567e-04
1.063077e+00 4.700548e-01 5.765041e-01 -1.738802e-03 -2.018348e-02 1.645668e-02 7.282893e-04
5.848080e+00 -5.635031e-01 3.076271e-01 1.855228e-02 -1.251108e-02 -2.291746e-02 -8.789680e-04
2.624962e+00 -2.584237e-02 -9.914861e-02 8.719611e-03 6.775911e-02 -1.766092e-02 2.706808e-03
6.471500e+00 -5.253795e-01 4.727837e-01 -3.874627e-03 -1.687649e-02 -1.875396e-02 -2.476006e-03
6.593037e+00 2.144989e-01 2.568298e-02 2.751970e-02 -5.816293e-03 4.857647e-02 -2.408659e-03
8.793665e-01 -3.669720e-01 -1.259845e-01 -4.155563e-02 9.685993e-03 -2.821370e-02 4.819334e-04
9.000193e+00 7.622264e-01 5.091188e-01 7.720625e-02 -1.054900e-02 1.579342e-02 -1.266148e-03
6.770059e+00 -7.671383e-02 -6.582847e-01 -1.132084e-01 2.652961e-02 -3.091653e-03 9.196908e-04
1.029427e+00 -8.882949e-02 8.392070e-01 1.403962e-02 -2.236877e-02 -2.367719e-03 2.175338e-04
6.814017e+00 -2.846326e-01 3.633407e-01 7.573640e-02 -2.690295e-02 -2.107515e-02 -1.722963e-03
5.848145e+00 3.861311e-01 5.491768e-01 -8.857677e-02 -2.093312e-02 1.471826e-02 -4.507445e-04
8.789320e+00 4.391109e-01 -3.186913e-01 -5.308331e-02 1.445900e-02 1.992243e-02 1.011036e-03
4.600748e+00 2.452656e-01 -5.319919e-02 2.299183e-02 9.636849e-03 4.442900e-02 -2.071783e-04
4.274533e+00 7.466124e-02 -2.458954e-01 1.804133e-02 3.498215e-02 1.062163e-02 -2.659010e-03
8.637311e+00 8.917803e-01 1.481352e-01 -4.611608e-02 -3.591013e-03 2.161805e-02 3.910161e-05
5.359444e+00 -2.594599e-01 -6.113766e-01 -9.205713e-02 2.204079e-02 -9.353809e-03 6.019694e-04
4.650138e+00 -2.180410e-01 9.339982e-01 -2.071306e-01 -2.029701e-02 -4.738318e-03 8.730548e-04
6.752828e+00 -2.552774e-01 4.062498e-01 -1.248631e-02 -2.418441e-02 -1.519688e-02 2.651464e-05
5.701597e+00 -3.148699e-01 -2.911920e-02 -1.973844e-02 3.320595e-03 -3.590605e-02 3.017917e-03
7.444018e+00 2.282415e-01 -7.841139e-01 1.205914e-01 2.319087e-02 6.750444e-03 -1.144705e-03
7.831405e+00 -1.135840e-01 -2.474540e-01 -4.177891e-02 3.148393e-02 -1.445146e-02 1.150494e-03
3.881062e+00 -4.572328e-01 4.629250e-01 9.538643e-02 -2.059471e-02 -2.034148e-02 -9.663245e-04
6.117769e+00 -5.140329e-01 -5.913464e-01 7.366505e-02 1.742626e-02 -1.514792e-02 -5.006305e-04
7.110806e+00 3.258733e-01 6.587789e-01 -5.125914e-02 -2.202930e-02 1.089707e-02 -5.702806e-04
1.186527e+00 4.600517e-01 1.496046e-02 -3.591040e-02 -8.845713e-04 2.720161e-02 -1.839438e-03
6.622884e+00 8.482825e-01 1.370895e-01 1.468788e-02 -3.313704e-03 2.050455e-02 -6.818650e-04
1.600306e+00 -5.513315e-02 -8.645906e-02 1.213786e-02 6.168959e-02 -3.933817e-02 -2.534037e-03
4.765785e+00 2.429376e-01 -1.910582e-01 -2.044269e-02 2.119990e-02 2.695646e-02 -1.067532e-04
6.972026e+00 5.450330e-01 2.804948e-01 -1.311636e-02 -1.323997e-02 2.572675e-02 -6.511110e-04
9.759159e+00 8.895643e-02 -1.512449e-02 1.180828e-03 1.275365e-02 7.501211e-02 6.151982e-03
1.492579e+00 2.496383e-01 4.643727e-01 7.710252e-02 -2.617235e-02 1.406978e-02 -1.754541e-03
2.773633e+00 1.235942e-01 1.413086e-01 -7.641427e-03 -3.163643e-02 2.767050e-02 1.088792e-03
4.653394e+00 5.918133e-01 -4.283657e-02 4.736298e-02 1.745852e-03 2.412001e-02 -7.627175e-04
9.259238e+00 -8.670398e-01 3.284503e-01 -1.191978e-01 -7.156529e-03 -1.889173e-02 -3.804199e-04
5.197666e-01 4.495425e-02 -3.762109e-02 -5.961986e-04 5.426992e-02 6.484831e-02 -8.199858e-03
1.313777e+00 -1.869010e-01 -1.982806e-02 1.135060e-02 5.238881e-03 -4.938215e-02 -2.523706e-03
8.750613e+00 1.365261e-01 -9.837395e-02 -3.669883e-04 2.672899e-02 3.709524e-02 -4.248613e-03
9.412846e+00 4.598647e-01 -3.544311e-01 -5.607313e-03 1.753401e-02 2.274991e-02 5.011670e-05
8.792559e+00 -2.329636e-01 -3.037067e-02 -2.730744e-02 5.780390e-03 -4.433950e-02 -1.037911e-03
6.255152e+00 6.913306e-01 4.925629e-01 -7.211837e-02 -1.191966e-02 1.672968e-02 -3.874419e-04
3.781154e+00 -8.636667e-01 1.669219e-01 1.306298e-01 -4.173552e-03 -2.159428e-02 -1.098692e-03
2.671819e+00 -7.881307e-02 -3.097959e-01 -4.456500e-02 3.245151e-02 -8.255769e-03 9.145326e-04
7.901649e+00 2.622035e-01 -4.419023e-01 -2.214389e-02 2.339340e-02 1.388051e-02 1.567432e-03
4.335578e+00 8.279036e-02 -3.610657e-01 -2.027628e-02 3.276025e-02 7.511742e-03 -1.205890e-03
7.110892e-01 5.067548e-01 2.172604e-01 1.317462e-02 -1.143329e-02 2.666788e-02 2.499180e-03
7.006106e+00 1.969290e-01 -3.906125e-01 -6.125950e-02 3.002388e-02 1.513667e-02 3.618674e-03
2.750307e+00 2.714360e-01 -3.303923e-01 4.918044e-02 2.338415e-02 1.921141e-02 -1.378438e-03
7.751278e+00 -5.597234e-01 -1.679665e-01 -4.690631e-02 7.469250e-03 -2.489017e-02 -1.643829e-03
4.966864e+00 4.113205e-01 -2.210262e-01 2.983400e-02 1.552949e-02 2.889974e-02 -4.425698e-03
9.619375e+00 2.229109e-01 -8.901383e-01 -8.244654e-02 1.876877e-02 4.700127e-03 1.157218e-03
7.555281e+00 -1.481274e-01 1.989406e-01 -5.222404e-03 -3.771036e-02 -2.807841e-02 -3.342021e-03
2.443546e+00 -5.006304e-01 5.042527e-01 -4.336041e-02 -1.950445e-02 -1.936434e-02 -6.857907e-05
2.674464e+00 -2.231836e-01 3.695209e-01 -3.930259e-02 -2.471886e-02 -1.492972e-02 -2.466525e-03
3.587817e+00 -2.919949e-01 -3.003833e-02 6.524242e-04 3.997081e-03 -3.885459e-02 2.523988e-03
3.598945e+00 -9.950225e-02 -2.698781e-01 -6.369972e-03 3.712610e-02 -1.368814e-02 -1.367611e-03
6.690604e+00 2.071464e-01 -4.315171e-01 1.638056e-02 2.797625e-02 1.342978e-02 -9.716415e-04
8.934530e+00 -2.487769e-01 -4.580923e-01 -2.931233e-02 2.454553e-02 -1.332998e-02 -1.893410e-03
5.686065e+00 7.087844e-02 2.957750e-01 -8.053610e-03 -3.898745e-02 9.342811e-03 1.589225e-03
2.758995e+00 -3.518172e-01 -2.947779e-02 -7.373479e-03 3.109878e-03 -3.711637e-02 -6.863982e-04
7.796726e+00 5.698422e-01 -2.624458e-02 8.204339e-02 1.252294e-03 2.719075e-02 1.171802e-03
2.085116e+00 -6.156515e-01 -2.151610e-01 -1.367764e-02 7.665697e-03 -2.193426e-02 1.773695e-03
6.780739e+00 4.080291e-01 1.158238e-01 -5.199204e-02 -8.574214e-03 3.020561e-02 8.899761e-04
5.540481e+00 4.410699e-01 1.878819e-01 9.528429e-03 -1.148268e-02 2.695663e-02 -9.769046e-04
3.339690e+00 -3.848592e-01 -2.682604e-01 3.427410e-02 1.617259e-02 -2.320198e-02 -7.633388e-04
1.770485e+00 -5.222812e-01 1.572220e-01 -5.270008e-02 -8.815798e-03 -2.928549e-02 -2.399925e-03
1.247344e+00 -5.691708e-03 -1.424452e-02 1.619464e-03 1.584939e-01 -6.332971e-02 -6.700957e-03
9.648358e+00 -1.850018e-01 5.158701e-02 2.263765e-02 -1.214500e-02 -4.355453e-02 5.022251e-04
5.683908e+00 -3.341523e-01 -6.977954e-01 -4.343263e-02 2.372126e-02 -1.135936e-02 -1.333818e-03
4.424044e+00 -3.074444e-01 -4.965471e-01 -3.024333e-02 2.393596e-02 -1.482030e-02 2.859691e-04
2.607264e+00 7.308355e-01 4.516649e-01 1.740324e-01 -1.269724e-02 2.054530e-02 -3.120227e-04
4.805318e+00 -8.063567e-01 -5.631085e-01 -1.248812e-01 1.061400e-02 -1.519896e-02 1.623848e-03
4.605323e+00 -5.701370e-01 -3.959786e-01 -9.099733e-02 1.296283e-02 -1.866411e-02 1.383967e-04
6.581600e+00 -1.922163e-01 7.812331e-01 9.818633e-02 -2.433829e-02 -5.988247e-03 -7.339171e-05
3.533596e+00 -1.055789e-01 -5.518572e-02 1.209256e-02 2.728827e-02 -5.220671e-02 -1.996480e-04
9.631585e+00 -2.374099e-01 -4.421755e-01 6.100068e-02 2.345900e-02 -1.259545e-02 -6.371127e-04
6.706328e+00 4.414491e-01 8.003716e-01 1.042465e-01 -1.949679e-02 1.075356e-02 -3.352614e-06
9.945877e+00 -2.783893e-01 -4.648015e-01 -2.178554e-02 2.444114e-02 -1.463883e-02 -5.375919e-04
5.377139e+00 9.361060e-01 -2.506595e-01 1.166862e-01 6.024561e-03 2.249916e-02 -4.065225e-05
6.494292e+00 -1.773802e-01 -4.267034e-02 -1.159295e-02 1.259417e-02 -5.235386e-02 -2.610345e-03
9.593284e+00 -4.998797e-01 -1.313946e-01 1.971381e-02 7.964587e-03 -3.030060e-02 2.477191e-03
9.610274e+00 1.146432e-01 4.316328e-01 1.681873e-02 -3.029796e-02 8.047243e-03 1.570890e-03
9.791051e+00 1.980942e-01 -1.625554e-01 9.034135e-06 2.452046e-02 2.988126e-02 1.223842e-03
8.045107e+00 -6.667206e-01 -1.579015e-01 -3.744794e-02 6.313077e-03 -2.665623e-02 5.598344e-04
7.948540e+00 -6.671091e-01 2.983226e-01 -4.363584e-02 -1.005965e-02 -2.249540e-02 1.981550e-03
9.361443e+00 -7.152561e-02 2.434806e-01 -1.485298e-02 -3.440975e-02 -1.010831e-02 -1.307539e-03
9.706975e+00 -1.141172e-01 -2.904535e-01 -1.295881e-02 3.725773e-02 -1.463832e-02 -8.030251e-04
1.500493e+00 1.731009e-01 -5.312088e-02 3.175147e-02 1.520000e-02 4.953104e-02 5.813786e-04
4.546520e+00 4.570070e-01 3.143999e-01 1.641033e-02 -1.688883e-02 2.454936e-02 8.116796e-04
1.645759e+00 5.315159e-01 -1.869963e-01 -3.228135e-03 8.423750e-03 2.394356e-02 1.353201e-03
1.914874e+00 8.373240e-01 1.156213e-01 -7.714038e-02 -3.194979e-03 2.313790e-02 6.159933e-04
2.569761e+00 -4.709430e-01 3.550038e-01 3.438115e-02 -1.644895e-02 -2.182094e-02 -8.387817e-04
6.239228e+00 -7.318681e-01 2.340573e-01 -3.594189e-02 -7.213358e-03 -2.255528e-02 -1.176577e-03
4.010693e+00 -7.183770e-02 -9.636013e-01 -1.574229e-03 2.162621e-02 -1.612262e-03 1.258207e-03
2.900794e+00 2.312440e-01 3.365447e-01 -4.533751e-02 -2.850902e-02 1.958889e-02 2.460577e-03
5.274586e+00 2.833110e-01 -5.429228e-01 -3.393837e-02 2.564961e-02 1.338462e-02 1.403919e-03
5.768273e+00 -1.558598e-01 5.415492e-01 1.263711e-02 -2.742824e-02 -7.893946e-03 7.176572e-04
2.225740e+00 3.253802e-01 -2.038689e-01 3.235323e-03 1.753401e-02 2.798476e-02 -9.896735e-04
4.662634e+00 -6.094337e-02 6.971374e-01 2.760573e-02 -2.441265e-02 -2.134140e-03 1.217207e-03
4.267834e+00 5.296200e-01 -7.183300e-01 -1.270330e-02 1.709658e-02 1.260520e-02 1.820970e-04
9.717820e+00 4.003997e-01 -6.867932e-01 -4.418783e-02 2.225921e-02 1.297710e-02 -7.886115e-04
4.300887e+00 -3.508079e-02 -1.867347e-01 4.328309e-04 4.660901e-02 -8.756170e-03 1.666779e-03
4.308676e+00 -3.014556e-01 6.832431e-01 1.800943e-02 -2.005307e-02 -8.847668e-03 3.642073e-04
6.591054e+00 -1.480645e-01 2.213805e-01 7.557077e-03 -3.690544e-02 -2.468323e-02 4.379516e-03
3.305152e+00 -9.015313e-01 2.420245e-02 -1.118250e-01 -6.207797e-04 -2.312379e-02 -1.461029e-03
8.797647e+00 7.220384e-02 -3.150302e-01 -1.186252e-02 3.100807e-02 7.106943e-03 1.807670e-05
5.540517e+00 -1.174954e-01 2.396895e-01 4.545992e-03 -3.745454e-02 -1.836015e-02 5.122130e-04
1.318236e+00 4.499999e-01 4.406053e-01 2.855090e-03 -2.043263e-02 2.086830e-02 -3.077932e-03
3.116658e+00 -4.216368e-01 7.002486e-01 9.850744e-02 -1.724009e-02 -1.038068e-02 5.507393e-05
4.893112e+00 -8.034533e-02 -5.414893e-02 -1.521699e-02 3.600499e-02 -5.342364e-02 2.986681e-04
4.929586e+00 -7.293667e-01 -4.388004e-01 -9.103242e-02 1.082112e-02 -1.798669e-02 -1.279540e-03
3.159800e+00 1.013687e-01 -9.799796e-01 -1.946216e-01 1.873081e-02 1.937508e-03 -7.716318e-05
4.385490e+00 -3.296619e-01 -2.837824e-01 2.938150e-02 1.987707e-02 -2.309063e-02 -3.975457e-04
9.249078e+00 -5.184157e-02 -4.148455e-01 -3.100783e-02 2.983612e-02 -3.728501e-03 3.171557e-03
3.764035e+00 1.555101e-01 -3.768895e-02 2.585198e-03 1.171267e-02 4.832818e-02 1.599940e-03
1.204683e+00 2.222556e-01 1.112821e-01 -1.378301e-02 -1.946700e-02 3.888002e-02 6.683230e-04
1.196730e+00 -9.055439e-01 2.506176e-01 1.647152e-02 -6.079756e-03 -2.196768e-02 -1.677820e-04
5.611515e+00 2.645346e-01 -3.926191e-01 1.893852e-02 2.712987e-02 1.827926e-02 -4.002325e-04
5.419929e+00 -4.314490e-01 -1.435712e-02 5.731574e-03 9.786361e-04 -2.940921e-02 -1.644569e-03
4.541898e+00 -4.200889e-01 1.074494e-01 -1.828894e-02 -8.666259e-03 -3.388198e-02 -3.407911e-03
6.926633e-01 -3.143449e-01 -5.333866e-01 -2.538996e-02 2.422219e-02 -1.427505e-02 9.804926e-04
3.456161e+00 -7.970210e-02 -5.020808e-01 8.719659e-02 2.787045e-02 -4.424255e-03 8.106921e-04
1.303440e+00 -4.108140e-02 -7.979516e-01 -6.664884e-02 2.166331e-02 -1.115305e-03 7.976153e-04
3.070428e+00 3.921204e-01 -4.200308e-01 6.201684e-02 2.120731e-02 1.979812e-02 -1.120819e-03
1.293367e+00 8.606389e-03 8.552771e-03 9.441790e-05 -1.262175e-01 1.270088e-01 -2.192067e-03
3.167069e+00 2.639302e-01 3.673768e-01 1.458185e-02 -2.551953e-02 1.833370e-02 4.806556e-03
4.034628e+00 -6.659488e-03 -4.724232e-03 -8.659374e-04 1.365679e-01 -1.925121e-01 1.781909e-02
7.499634e+00 -2.885464e-01 8.311090e-02 -7.734017e-03 -1.062076e-02 -3.687340e-02 2.615632e-03
6.744128e+00 5.433734e-01 -1.562705e-01 2.979070e-02 8.644654e-03 3.005862e-02 -8.155105e-04
6.889799e+00 -1.941354e-02 2.282735e-01 1.628108e-02 -4.836338e-02 -4.113070e-03 -1.293367e-03
3.843428e+00 8.344505e-02 -7.641916e-02 1.003166e-02 4.140600e-02 4.521282e-02 4.658231e-03
5.803308e+00 -3.280005e-01 7.540209e-02 1.673824e-02 -7.170459e-03 -3.119163e-02 -7.707631e-04
3.176844e+00 -4.261639e-01 6.641307e-01 4.224194e-02 -1.979638e-02 -1.270307e-02 -1.997416e-03
7.489127e-01 -1.944538e-01 6.265328e-01 1.209210e-02 -2.741200e-02 -8.507720e-03 -9.709431e-04
6.157557e+00 4.901479e-01 9.596663e-02 -2.824894e-02 -5.661368e-03 2.891534e-02 -2.281131e-03
9.348393e+00 -4.072997e-01 6.604258e-01 -3.012628e-02 -2.214317e-02 -1.365620e-02 1.147113e-03
5.428372e+00 -3.298678e-01 9.301243e-01 4.321918e-02 -1.826450e-02 -6.477489e-03 6.158675e-04
9.277084e+00 -2.107349e-01 -5.007372e-01 4.788262e-02 2.570283e-02 -1.081702e-02 -1.867323e-03
2.970458e+00 -5.493541e-01 7.532338e-01 2.832943e-02 -1.620441e-02 -1.181832e-02 3.341615e-04
8.667051e+00 2.543440e-01 9.352230e-01 -1.536136e-01 -1.951934e-02 5.308495e-03 9.256766e-04
2.069310e+00 1.457849e-01 7.944866e-01 -4.980414e-02 -2.466434e-02 4.525802e-03 7.645646e-04
4.171115e+00 5.533298e-02 9.813241e-01 2.603740e-02 -2.330771e-02 1.314229e-03 -1.846505e-03
6.235011e+00 -7.337898e-01 1.182040e-01 -6.601391e-02 -3.710404e-03 -2.303353e-02 5.954940e-04
6.072651e+00 -2.172604e-01 -1.148390e-02 -3.215842e-02 2.409742e-03 -4.558914e-02 -4.302678e-03
5.684124e+00 4.162065e-01 -4.378019e-01 -2.479820e-02 1.942917e-02 1.847079e-02 5.381172e-04
6.410175e+00 7.628679e-01 -6.045866e-01 -1.955963e-01 1.449585e-02 1.829087e-02 -5.351866e-04
5.186179e+00 5.423780e-01 -5.591588e-02 -1.111934e-02 3.237544e-03 3.140383e-02 1.261808e-03
3.005473e+00 -3.067587e-01 -7.268658e-01 1.328969e-01 2.327859e-02 -9.824245e-03 -2.107801e-03
7.654891e-01 -5.492149e-01 4.672099e-01 2.067639e-02 -1.496485e-02 -1.759149e-02 7.009277e-04
5.252259e+00 2.723783e-01 2.172397e-01 2.025482e-02 -2.334977e-02 2.927629e-02 -2.562173e-04
5.360700e+00 -3.176157e-01 -3.675157e-01 -1.623059e-02 2.339342e-02 -2.021714e-02 -6.134252e-04
4.323070e+00 -1.194054e-01 5.860294e-01 4.060780e-02 -2.678043e-02 -5.456600e-03 -1.829760e-03
5.620361e+00 6.712466e-01 -4.054501e-01 8.786108e-03 1.262658e-02 2.090404e-02 1.297952e-03
6.406657e+00 7.503082e-02 6.399308e-02 -3.721678e-03 -4.349340e-02 5.099529e-02 4.486101e-03
2.907114e+00 -2.339645e-01 9.147932e-01 -1.622602e-01 -2.181509e-02 -5.579357e-03 -6.474950e-04
3.879571e+00 -3.283575e-01 -4.971508e-01 -5.328567e-02 2.029712e-02 -1.340581e-02 1.696849e-03
6.337531e+00 2.573912e-03 3.012388e-02 -5.395549e-03 -1.221466e-01 1.043673e-02 8.889073e-03
2.325809e+00 3.890307e-01 2.784930e-01 2.342873e-02 -1.783511e-02 2.491411e-02 -7.981059e-04
7.774372e-01 -8.686058e-01 1.731114e-01 -2.178728e-01 -3.851141e-03 -1.932353e-02 -2.051664e-03
4.456468e+00 3.849882e-01 5.347749e-02 1.927300e-02 -4.714299e-03 3.393857e-02 3.370051e-04
8.542554e-01 4.334705e-01 -1.461994e-01 3.462566e-02 8.790620e-03 2.606354e-02 -1.861349e-04
5.516805e+00 -5.960884e-01 -3.601297e-01 -2.474176e-02 1.268156e-02 -2.099058e-02 -3.052466e-04
8.030375e+00 -1.681712e-01 -1.651762e-01 6.637371e-03 2.930988e-02 -2.984132e-02 5.717979e-04
9.715544e+00 8.607327e-02 7.203136e-01 -5.230218e-03 -2.175782e-02 2.599932e-03 6.671117e-04
9.058320e+00 -2.051996e-02 -1.973555e-02 9.543888e-04 7.996913e-02 -8.314756e-02 3.332275e-03
6.649655e+00 -7.014574e-01 -2.134074e-01 -4.121647e-02 7.969986e-03 -2.619687e-02 2.278072e-03
9.002383e+00 -1.723648e-01 -8.410785e-01 -1.380294e-02 2.038965e-02 -4.178513e-03 6.509308e-04
5.272021e+00 -5.574147e-02 -1.930500e-01 -3.168788e-02 4.519281e-02 -1.304902e-02 -4.289485e-03
1.945531e+00 6.767271e-02 -7.270164e-02 1.667373e-02 4.654719e-02 4.332742e-02 -1.547365e-03
8.201604e+00 6.696642e-01 7.198241e-01 -2.658996e-02 -1.632056e-02 1.518329e-02 7.165227e-05
6.896341e+00 2.324950e-01 -3.727050e-01 3.530270e-02 2.390013e-02 1.490901e-02 9.577857e-04
7.844206e+00 -4.560324e-02 7.320467e-01 -7.999133e-02 -2.442532e-02 -1.521588e-03 -1.461218e-03
2.228346e+00 6.039717e-01 -1.275216e-01 2.614958e-02 5.655839e-03 2.678736e-02 1.850622e-03
4.012289e+00 -4.609167e-01 -7.448042e-01 7.861910e-02 2.125062e-02 -1.315079e-02 -1.117134e-03
2.073019e+00 -3.447015e-01 -2.325738e-01 8.211478e-03 1.965999e-02 -2.913839e-02 -1.488057e-03
5.584200e-01 7.543822e-02 -6.600120e-02 -5.633827e-03 4.312058e-02 4.928608e-02 2.024099e-03
2.430233e+00 -1.051764e-01 -1.486977e-01 2.189400e-02 3.486641e-02 -2.466160e-02 -1.423302e-03
3.095246e+00 -7.036483e-01 -6.872389e-02 -3.230199e-03 2.298967e-03 -2.353860e-02 -1.747757e-03
6.707564e+00 -9.025829e-03 1.043050e-01 -1.811558e-02 -6.133406e-02 -5.307422e-03 -3.364527e-03
5.357279e+00 4.292329e-01 -1.538351e-02 9.527037e-02 1.008675e-03 2.814419e-02 -3.094402e-03
4.426268e+00 -1.763210e-01 -5.701410e-01 3.653283e-02 2.562032e-02 -7.923302e-03 7.243025e-04
3.836813e+00 -1.598856e-01 7.649307e-01 -6.794409e-02 -2.509112e-02 -5.244538e-03 1.383970e-04
4.492042e+00 4.073318e-01 3.153350e-01 -9.744155e-02 -1.930255e-02 2.493393e-02 -3.179933e-03
2.173604e+00 1.475830e-02 -7.233836e-01 -2.015705e-02 2.534878e-02 5.171598e-04 1.538515e-03
4.142074e+00 2.350720e-02 7.955441e-02 -3.744070e-03 -6.289534e-02 1.858468e-02 6.047539e-03
8.745245e+00 -5.811002e-02 -3.378509e-01 -1.177187e-02 3.649604e-02 -6.277282e-03 -1.447034e-06
3.381967e+00 -3.942932e-01 1.959177e-01 -2.695475e-02 -1.431895e-02 -2.881754e-02 2.308533e-03
1.608406e+00 -3.394973e-01 1.507776e-02 -4.326933e-02 -1.784797e-03 -4.018727e-02 -6.709179e-04
5.971805e+00 -3.528305e-01 2.847787e-01 -1.482779e-02 -2.006476e-02 -2.485951e-02 7.594397e-04
5.869808e+00 -2.519722e-01 -6.839733e-02 2.768644e-02 9.348769e-03 -3.444038e-02 -1.834362e-03
9.844929e+00 1.644742e-01 -9.587145e-01 -1.339496e-01 2.189976e-02 3.757057e-03 1.220467e-03
6.180366e+00 1.174566e-02 -2.225121e-01 -2.774849e-02 4.643620e-02 2.451209e-03 6.223408e-04
6.654528e+00 -1.088332e-01 -8.230961e-01 1.713620e-02 2.183572e-02 -2.887210e-03 -6.543579e-04
7.967341e-01 -3.025418e-01 5.008508e-01 -6.882265e-02 -2.417912e-02 -1.460554e-02 1.914715e-03
8.214782e+00 8.049450e-02 -7.178917e-02 -1.105543e-02 4.217232e-02 4.728625e-02 -3.578345e-03
2.917831e+00 1.217449e-01 -7.450371e-02 1.180665e-03 2.556233e-02 4.177088e-02 -6.794875e-04
4.747752e+00 1.662404e-01 -7.139735e-01 1.749514e-02 2.495863e-02 5.811326e-03 1.928352e-03
6.604600e+00 6.130616e-01 -7.179448e-01 5.355238e-02 1.722657e-02 1.470997e-02 8.578733e-04
2.144619e+00 -1.431487e-01 -7.372110e-01 6.172778e-03 2.549308e-02 -4.950145e-03 2.125084e-04
7.225519e+00 5.458735e-01 5.724318e-01 -5.041158e-02 -1.903649e-02 1.815328e-02 1.062686e-05
7.053868e+00 6.855311e-01 2.331041e-01 4.322096e-02 -7.918963e-03 2.328872e-02 -2.755580e-03
9.877855e+00 3.576420e-02 -5.800488e-01 3.073427e-02 3.004304e-02 1.852371e-03 -1.430376e-03
2.371827e+00 1.553840e-01 9.088092e-02 -1.252807e-02 -2.240312e-02 3.830383e-02 1.581075e-03
2.431414e+00 3.096163e-01 -5.405974e-01 7.547325e-02 2.408521e-02 1.379432e-02 -6.633455e-04
1.647186e+00 1.608940e-01 2.147193e-01 -3.718010e-02 -3.573945e-02 2.678037e-02 -1.465699e-03
7.059441e+00 8.916951e-02 2.055447e-02 7.138127e-03 -1.539350e-02 6.678017e-02 -1.046309e-04
5.397974e+00 -1.365405e-02 4.131196e-01 -9.100127e-03 -3.389799e-02 -1.120365e-03 1.286585e-03
9.566722e+00 4.503247e-01 -4.206554e-01 1.340328e-02 1.609043e-02 1.722530e-02 1.042701e-03
8.835666e+00 6.870706e-01 8.852926e-02 -1.134153e-01 -3.525354e-03 2.736008e-02 -1.193432e-03
1.298964e+00 -1.094355e-01 8.179293e-02 2.126369e-02 -3.456761e-02 -4.625000e-02 -7.905529e-04
5.645213e+00 9.091826e-01 -3.945358e-01 4.224398e-02 9.116073e-03 2.100741e-02 1.127966e-03
1.947661e+00 -9.679147e-01 2.118910e-01 -9.171713e-03 -4.437107e-03 -2.026864e-02 -4.613349e-04
8.777213e+00 8.883521e-02 5.408008e-02 4.792392e-03 -2.962198e-02 4.865886e-02 -2.757971e-03
5.461836e+00 -1.950839e-01 -1.428387e-02 4.886300e-03 3.610656e-03 -4.931302e-02 1.455345e-03
6.323089e+00 3.169314e-01 6.042974e-01 -1.376076e-02 -2.010034e-02 1.054187e-02 2.641029e-04
6.566777e+00 -8.431748e-02 8.881972e-04 -7.491517e-03 -7.761168e-04 -7.367756e-02 -2.502343e-03
6.102478e+00 -1.608653e-01 -9.990895e-02 2.937794e-03 2.635372e-02 -4.243263e-02 2.709476e-03
6.541512e+00 -9.558903e-02 -2.755108e-02 1.625850e-02 1.714227e-02 -5.947544e-02 1.787174e-03
8.381324e+00 -7.287389e-02 5.303117e-02 -5.444059e-03 -3.769344e-02 -5.179722e-02 -4.341158e-03
3.259937e+00 4.737165e-02 2.931595e-02 -2.942807e-03 -4.814898e-02 7.780396e-02 -7.662075e-04
1.776511e+00 -7.470176e-01 -2.216732e-02 -5.784102e-02 7.537757e-04 -2.540152e-02 1.096309e-03
5.249440e+00 -2.100233e-01 4.452593e-01 1.685931e-02 -2.499811e-02 -1.179130e-02 -9.844004e-04
8.999962e-01 8.919719e-01 -8.677255e-02 -1.524439e-01 2.255036e-03 2.318047e-02 -2.012406e-03
6.872564e+00 5.778467e-02 -2.540223e-01 3.617299e-02 3.446698e-02 7.840505e-03 -1.190529e-03
4.213864e+00 -2.937075e-01 -4.769163e-01 -4.551205e-02 2.074737e-02 -1.277721e-02 3.363335e-03
1.121093e+00 -2.073659e-02 4.852100e-02 -1.003631e-03 -7.730435e-02 -3.303783e-02 1.098717e-02
1.224353e+00 5.671695e-02 4.590663e-01 -2.454641e-02 -3.153864e-02 3.896551e-03 1.534453e-03
5.591579e+00 -3.596111e-01 2.292274e-01 8.699558e-04 -1.797675e-02 -2.820186e-02 2.804221e-03
1.773433e+00 -2.736876e-01 -5.780531e-01 -4.968515e-02 2.117246e-02 -1.002440e-02 1.246130e-03
7.118738e+00 7.322935e-01 -2.595395e-01 -4.182564e-02 7.859464e-03 2.217556e-02 2.694864e-03
5.073328e+00 -6.491066e-02 6.374624e-01 1.538344e-02 -2.781220e-02 -2.832023e-03 -7.072585e-04
5.637204e+00 -6.407613e-02 -2.360019e-01 -1.098001e-03 4.435375e-02 -1.204235e-02 2.690487e-04
9.751260e+00 5.810041e-02 1.838017e-01 2.300256e-02 -4.116063e-02 1.301103e-02 -2.055380e-03
1.758764e+00 -1.564727e-02 -5.417202e-02 -3.596543e-03 8.769315e-02 -2.532965e-02 1.928703e-03
9.421908e+00 -3.894465e-01 2.492912e-01 5.416470e-02 -1.596762e-02 -2.494487e-02 1.875217e-03
4.445625e+00 4.284361e-01 8.056832e-02 5.464405e-02 -6.441800e-03 3.425540e-02 2.481733e-03
6.218689e+00 2.264719e-04 2.046922e-02 -7.766821e-04 -1.597548e-01 1.767530e-03 1.201747e-02
8.688043e+00 2.738791e-01 -3.652978e-01 4.641370e-02 2.486064e-02 1.863906e-02 4.170662e-04
8.984701e-01 -2.742095e-03 9.008513e-03 9.680630e-05 -2.204517e-01 -6.710315e-02 8.158790e-03
1.654112e+00 -8.355186e-02 2.003979e-01 8.384799e-04 -4.162551e-02 -1.735492e-02 -4.279245e-04
9.446991e+00 -9.052869e-01 3.293055e-01 -1.165743e-01 -6.545100e-03 -1.799300e-02 1.219421e-04
8.263582e+00 -2.353419e-01 8.586135e-01 -6.135276e-02 -2.060700e-02 -5.648283e-03 1.091121e-04
7.266743e+00 2.530562e-01 6.241148e-01 8.087962e-02 -2.074676e-02 8.412068e-03 -1.226549e-04
5.221640e+00 2.943330e-03 -8.693908e-01 -5.763986e-02 2.024809e-02 6.855010e-05 -5.021956e-04
2.667509e+00 -9.040696e-01 -1.774259e-01 -1.011599e-01 4.608242e-03 -2.348119e-02 -1.363704e-04
1.570587e+00 -5.202948e-01 5.469284e-03 -6.422850e-03 -3.431222e-04 -3.264133e-02 -4.926247e-04
1.508288e+00 8.434552e-02 -2.062229e-01 -3.320406e-02 4.002350e-02 1.636968e-02 -1.163548e-03
8.310146e+00 -1.161213e-02 1.370922e-03 1.019492e-03 -2.062319e-02 -1.746847e-01 -3.989377e-04
8.732479e+00 -1.493207e-01 -1.165661e-01 8.322671e-03 3.295265e-02 -4.221220e-02 -3.024295e-03
4.109246e+00 -4.151353e-01 2.604238e-02 -8.658106e-02 -2.202120e-03 -3.510346e-02 -4.889537e-04
6.630959e+00 4.781944e-01 -4.074319e-01 -5.634275e-02 1.851591e-02 2.173174e-02 -8.415132e-04
6.116650e+00 1.730614e-01 4.174711e-01 5.979427e-02 -2.768523e-02 1.147683e-02 2.261866e-03
4.972640e+00 3.618280e-01 -1.653477e-02 -3.659588e-02 1.494096e-03 3.269509e-02 -2.030449e-03
2.557957e+00 2.159859e-01 -1.020447e-01 2.609778e-02 1.943224e-02 4.112994e-02 -7.260591e-04
8.448969e+00 7.143724e-01 3.836553e-01 -7.917686e-02 -1.013150e-02 1.886501e-02 -1.637721e-05
4.698868e+00 -2.173532e-01 -1.947038e-01 -8.027848e-04 2.626378e-02 -2.931897e-02 1.230765e-03
2.036031e+00 -9.314717e-02 5.341648e-01 -3.895623e-02 -2.867362e-02 -5.000081e-03 -2.246269e-04
7.813714e+00 -2.987758e-01 5.636719e-02 -4.179696e-02 -7.235499e-03 -3.835196e-02 -4.890774e-04
2.776038e+00 -3.590461e-01 -2.192871e-01 -1.873909e-02 1.537999e-02 -2.518217e-02 2.239486e-03
6.326922e+00 -2.592945e-01 -6.929467e-01 2.350093e-02 2.539092e-02 -9.501058e-03 7.106931e-04
6.144364e+00 1.215393e-01 -3.069283e-02 -1.430900e-02 1.502427e-02 5.949399e-02 -1.165287e-03
9.184482e+00 5.264033e-01 -7.097006e-01 4.061958e-02 1.854436e-02 1.375483e-02 1.346222e-03
2.261011e+00 7.424066e-03 -6.596530e-02 2.994425e-03 8.127974e-02 9.147630e-03 -1.464338e-03
4.183109e+00 7.082257e-01 1.110721e-01 -2.086448e-02 -3.694666e-03 2.355818e-02 -1.553057e-03
1.624361e+00 1.690973e-01 4.603137e-01 7.245353e-02 -3.041629e-02 1.117349e-02 1.287448e-03
8.358248e+00 -6.880986e-01 2.519985e-01 3.024071e-02 -7.921979e-03 -2.163149e-02 2.959413e-04
3.531679e+00 5.679499e-02 -2.693117e-01 4.095114e-03 4.100259e-02 8.647015e-03 8.201450e-04
6.431282e+00 -2.702242e-01 1.463632e-01 -3.062950e-02 -1.837465e-02 -3.392434e-02 -1.033980e-03
2.096002e+00 -3.280226e-02 -8.103292e-02 1.275074e-03 6.052969e-02 -2.450252e-02 7.897118e-04
9.091892e+00 -8.651298e-01 1.490254e-01 -2.089220e-02 -3.873047e-03 -2.248400e-02 -7.397600e-04
1.192710e+00 9.487611e-01 -2.382369e-01 -8.674986e-02 4.762315e-03 1.896557e-02 2.121160e-03
4.168279e+00 -1.431193e-01 2.730989e-01 2.605325e-02 -3.696292e-02 -1.937066e-02 5.020600e-03
7.588075e+00 3.123414e-01 6.362838e-03 -6.452395e-03 -6.815697e-04 3.345715e-02 -9.944581e-04
9.374000e+00 -1.412549e-01 4.637967e-01 -1.147001e-02 -3.024202e-02 -9.210575e-03 -5.079365e-05
4.814026e+00 8.343717e-02 2.339314e-01 -1.747433e-04 -3.952313e-02 1.409686e-02 6.220158e-04
3.365999e+00 3.095679e-02 -1.943720e-01 -7.508903e-03 4.282055e-02 6.819846e-03 -2.216580e-03
1.925328e+00 -1.364345e-01 -4.359111e-01 -1.129818e-02 2.666806e-02 -8.346757e-03 -1.493996e-03
3.027802e+00 -9.155271e-01 -3.679395e-01 1.608856e-02 7.501001e-03 -1.866440e-02 -3.884687e-04
7.596451e+00 2.095343e-01 -8.395204e-01 1.781587e-01 2.041310e-02 5.094866e-03 -6.650110e-04
7.801663e+00 7.919011e-02 -5.616881e-02 -1.612260e-04 3.546081e-02 4.999474e-02 -6.359001e-03
8.651336e+00 -5.235083e-01 5.133204e-01 -2.566978e-02 -1.694080e-02 -1.727702e-02 -1.292367e-03
5.114627e-01 -4.576746e-01 -8.313238e-01 5.121124e-03 1.980808e-02 -1.090508e-02 -1.065877e-03
2.898510e+00 3.479189e-01 -4.631367e-01 4.284780e-02 2.090780e-02 1.570641e-02 -9.895364e-04
6.792831e+00 -3.274763e-01 -1.288633e-01 1.617616e-03 1.253563e-02 -3.185641e-02 -6.855374e-04
5.515340e+00 -1.904976e-01 1.485063e-01 -1.322193e-02 -2.487684e-02 -3.191096e-02 -3.357233e-03
6.139892e+00 -3.705915e-01 6.535568e-01 -7.315385e-02 -2.142503e-02 -1.214881e-02 2.755945e-04
4.871711e+00 -7.566977e-01 -2.844030e-01 -9.050395e-02 8.800968e-03 -2.341632e-02 -4.801881e-04
2.022264e+00 6.438428e-01 -2.964267e-01 6.078228e-02 1.026381e-02 2.229312e-02 7.555260e-04
4.215514e+00 1.141946e-01 6.392266e-02 7.397053e-03 -2.884929e-02 5.153781e-02 -8.334025e-04
9.630853e+00 -3.290542e-01 -5.107037e-01 -6.042449e-02 2.470166e-02 -1.591566e-02 2.171174e-03
9.467347e+00 -4.392818e-01 2.625459e-01 3.192713e-02 -1.642475e-02 -2.748126e-02 1.900423e-03
8.424763e+00 -1.185138e-01 -3.208171e-01 3.687692e-02 3.223075e-02 -1.190644e-02 3.944674e-03
5.763720e+00 6.214616e-02 -4.514112e-02 -1.685407e-02 4.403193e-02 6.061914e-02 -1.804240e-03
7.125039e-01 2.135052e-01 6.775439e-02 -1.965815e-02 -1.273756e-02 4.013814e-02 2.054117e-03
2.358685e+00 6.694670e-01 3.621718e-01 -1.684419e-01 -1.183190e-02 2.187103e-02 -2.384426e-04
5.601751e+00 2.282865e-01 4.818594e-01 -1.206087e-01 -2.368642e-02 1.122172e-02 1.226330e-04
9.627874e+00 1.606127e-01 5.595165e-01 8.261851e-02 -2.406694e-02 6.908565e-03 -1.070650e-03
8.939454e+00 -4.216361e-01 8.986584e-01 9.273777e-02 -2.051418e-02 -9.624921e-03 1.294444e-06
6.030001e-01 3.028107e-02 -2.035937e-01 -1.998544e-02 5.043648e-02 7.501560e-03 -2.417225e-03
3.616711e+00 6.234284e-02 8.225620e-02 -8.327491e-04 -5.010708e-02 3.797668e-02 -1.966653e-03
8.343747e+00 5.805246e-01 -1.980364e-01 -8.441263e-02 9.605300e-03 2.815701e-02 -1.897514e-03
4.830135e+00 1.646433e-01 2.485990e-01 -2.082255e-03 -3.224461e-02 2.135511e-02 1.630624e-03
5.995417e+00 3.306210e-01 3.405749e-01 -7.299370e-02 -2.015970e-02 1.957050e-02 1.099082e-03
2.167402e+00 -1.222880e-01 -7.497132e-01 1.285491e-01 2.321726e-02 -3.787040e-03 -7.846691e-04
2.195162e+00 3.368766e-01 -2.228991e-01 3.886315e-02 1.961093e-02 2.963880e-02 -1.447415e-03
8.294899e+00 3.965585e-01 1.976182e-03 7.643465e-04 -1.648771e-04 3.308574e-02 2.537268e-03
1.646386e+00 4.909314e-03 3.417134e-01 -6.483910e-03 -3.771718e-02 5.418737e-04 -1.482846e-04
1.826633e+00 -3.944987e-01 6.688941e-01 -1.113912e-01 -1.932198e-02 -1.139567e-02 -1.162450e-03
3.971462e+00 4.539365e-01 2.858227e-01 -2.276599e-02 -1.526435e-02 2.424246e-02 -5.577648e-05
6.078157e+00 5.748396e-01 5.561681e-01 1.565214e-02 -1.667200e-02 1.723171e-02 1.135998e-03
7.909327e+00 -1.848825e-01 1.532772e-02 -2.102765e-02 -4.272916e-03 -5.153978e-02 -9.278167e-04
4.974440e+00 7.629027e-01 -1.677881e-01 2.043345e-02 4.486462e-03 2.039915e-02 -4.446846e-04
5.058568e+00 1.378590e-01 2.719314e-01 6.492792e-02 -3.261468e-02 1.653442e-02 -2.579091e-03
4.316901e+00 4.790658e-01 -2.719601e-01 2.290169e-02 1.507431e-02 2.655385e-02 -3.225827e-04
5.701330e+00 -1.879233e-01 -9.338931e-01 3.868645e-02 1.824791e-02 -3.671948e-03 1.739326e-03
7.242890e+00 5.069415e-02 -6.156316e-01 -1.439058e-02 2.574856e-02 2.120264e-03 -4.719244e-04
2.288159e+00 1.111949e-01 6.099454e-01 -5.136470e-02 -2.459387e-02 4.483536e-03 -1.212702e-03
7.515662e+00 5.813524e-01 3.484938e-01 1.221956e-02 -1.262830e-02 2.106635e-02 -8.951582e-04
4.318592e+00 4.023945e-03 -3.323752e-03 -5.893830e-04 2.004186e-01 2.426395e-01 -1.352778e-02
7.848355e+00 3.941812e-02 7.685633e-03 2.059615e-03 -1.970446e-02 1.010603e-01 -3.514966e-03
1.433775e+00 1.995637e-01 -5.694771e-01 3.083674e-02 2.405521e-02 8.429748e-03 8.989008e-04
3.653872e+00 6.982864e-01 -6.885782e-01 3.374990e-02 1.285424e-02 1.303547e-02 -2.695515e-03
7.438924e-01 -1.724415e-02 6.296677e-02 1.404242e-02 -7.043560e-02 -1.928957e-02 -5.601652e-03
5.270425e+00 -2.532195e-02 2.364768e-03 -2.465805e-03 -1.259621e-02 -1.348803e-01 2.876743e-03
5.868573e+00 2.040778e-01 1.785781e-01 -1.218874e-02 -2.961065e-02 3.383884e-02 -3.365328e-03
7.947026e+00 8.578479e-01 4.762362e-01 -1.940573e-01 -1.091639e-02 1.966377e-02 -1.095292e-03
5.350490e+00 6.706847e-01 -4.538349e-01 3.164620e-02 1.236085e-02 1.826708e-02 4.324245e-04
3.662134e+00 2.101291e-02 -5.263882e-01 2.087981e-02 3.185798e-02 1.271740e-03 2.658656e-03
5.250089e+00 -6.250726e-01 6.031526e-01 1.167394e-01 -1.593403e-02 -1.651311e-02 -9.227538e-04
1.621146e+00 4.604601e-01 1.757094e-02 -7.791244e-02 -1.138278e-03 2.982946e-02 -5.161605e-04
2.041812e+00 -2.032343e-01 7.473489e-01 8.156217e-02 -2.480405e-02 -6.745221e-03 -8.475483e-04
1.847517e+00 -1.878922e-01 9.657482e-01 -3.849820e-02 -1.909331e-02 -3.714719e-03 2.942683e-05
4.358891e+00 -6.883748e-01 5.843638e-01 -1.595859e-01 -1.246811e-02 -1.468731e-02 -1.239547e-03
3.503911e+00 3.172658e-01 2.665712e-01 -3.239566e-02 -2.259666e-02 2.689394e-02 -1.299932e-03
2.699928e+00 1.003176e-01 -8.706128e-01 -7.121479e-02 2.312001e-02 2.664037e-03 -8.796187e-04
6.986639e+00 -9.563199e-02 -2.211830e-01 1.302314e-03 4.133512e-02 -1.787189e-02 -3.510089e-03
7.949459e+00 -3.371053e-01 3.513805e-01 -1.302001e-01 -2.045166e-02 -1.962079e-02 -1.308508e-03
7.180665e+00 4.706949e-01 -1.627977e-01 3.340511e-02 9.655496e-03 2.791682e-02 1.990709e-03
5.542781e+00 -1.373687e-01 5.052587e-01 -7.027977e-02 -2.640199e-02 -7.178116e-03 6.734305e-04
2.356109e+00 -2.763176e-01 1.455306e-01 -2.502932e-02 -1.886507e-02 -3.581894e-02 -4.447923e-04
5.139915e+00 1.942131e-01 -9.452786e-01 6.550263e-02 2.167015e-02 4.452260e-03 1.204641e-03
9.923172e+00 -2.216180e-02 -5.028974e-01 1.534523e-02 2.920359e-02 -1.286950e-03 4.648516e-04
2.337454e+00 -7.021324e-02 -2.758615e-02 -1.069770e-02 2.921110e-02 -7.434912e-02 -1.323207e-03
9.237308e+00 7.287320e-01 -4.742257e-01 1.479617e-02 1.375984e-02 2.114444e-02 -1.299692e-03
8.395699e+00 -7.094669e-02 2.545971e-02 7.748851e-03 -2.332241e-02 -6.499083e-02 -4.111606e-05
5.293780e+00 1.517646e-01 -3.444315e-01 1.785218e-02 3.363313e-02 1.481955e-02 -7.514615e-04
4.934065e+00 -3.643038e-02 -7.698465e-01 1.238756e-02 2.278841e-02 -1.078385e-03 -2.300871e-04
3.830036e+00 -1.462801e-01 -3.070727e-01 -3.467037e-02 3.216415e-02 -1.532202e-02 7.763899e-04
9.730594e+00 -5.396746e-01 5.781032e-01 -4.409472e-02 -1.499290e-02 -1.399627e-02 -4.130459e-05
9.775846e+00 -1.705793e-02 9.963616e-02 4.782870e-03 -6.139494e-02 -1.051095e-02 2.781014e-03
6.378440e+00 -4.361330e-01 -7.788174e-03 -4.321284e-02 5.319304e-04 -2.978778e-02 4.292737e-04
4.022920e+00 -1.160782e-02 3.238406e-02 2.036730e-04 -1.111864e-01 -3.985390e-02 -6.072845e-03
3.596081e+00 -4.429988e-01 -3.032437e-01 3.707310e-02 1.648478e-02 -2.408208e-02 -6.047395e-04
2.323491e+00 -4.011101e-01 6.286297e-01 -6.736611e-02 -1.947128e-02 -1.242405e-02 -9.942931e-04
9.978557e+00 -5.802757e-01 -2.658179e-01 -2.027195e-02 1.017398e-02 -2.220961e-02 -2.312586e-04
5.221525e+00 -6.260086e-01 -6.347009e-01 1.080621e-01 1.662362e-02 -1.639596e-02 -8.325447e-04
1.098162e+00 8.432691e-01 1.348986e-01 5.464546e-02 -3.501569e-03 2.188877e-02 9.070293e-04
8.865486e+00 -8.428213e-02 1.215318e-01 -1.736793e-02 -4.762523e-02 -3.302801e-02 -2.100048e-03
8.619777e+00 4.515313e-01 2.760663e-02 -2.051904e-03 -2.116007e-03 3.460921e-02 2.727005e-03
7.003957e+00 2.847733e-01 2.145713e-01 6.820417e-02 -2.320672e-02 3.079935e-02 -1.358564e-04
3.143243e+00 1.672088e-01 -9.238498e-01 -6.989134e-02 2.233096e-02 4.041711e-03 5.455918e-04
6.447381e+00 2.380137e-01 -1.310873e-01 -2.612088e-02 2.038668e-02 3.701586e-02 -3.271095e-03
5.375448e-01 -3.651314e-01 -3.666344e-01 3.819695e-02 1.830132e-02 -1.822630e-02 -5.082084e-04
6.379555e+00 4.003082e-01 6.249599e-01 1.060140e-01 -1.799104e-02 1.152387e-02 -4.884787e-04
5.552399e+00 2.848386e-01 1.322259e-01 3.327535e-02 -1.358634e-02 2.926744e-02 2.936007e-04
8.018811e+00 -7.041815e-02 -3.391290e-02 -1.322835e-02 3.472902e-02 -7.211277e-02 7.045209e-04
6.643129e+00 -1.772708e-01 -8.573195e-01 3.266311e-02 2.190788e-02 -4.529967e-03 7.671798e-04
8.372098e+00 3.526208e-01 7.462179e-02 -3.698143e-02 -6.824728e-03 3.224984e-02 -7.872082e-05
6.436573e+00 3.903281e-01 5.702902e-01 -1.013420e-01 -2.269450e-02 1.553297e-02 -9.371547e-04
1.366271e+00 1.070232e-01 -4.567819e-02 -9.366025e-05 2.627791e-02 6.156867e-02 4.478795e-03
2.817387e+00 1.466977e-02 -5.524132e-02 4.400172e-04 9.182449e-02 2.438472e-02 -2.095822e-04
6.341812e+00 -2.577641e-01 4.264265e-01 -4.199135e-02 -2.512382e-02 -1.518672e-02 3.176325e-03
6.860950e+00 9.799457e-01 -9.397787e-02 -1.091832e-02 1.813325e-03 1.890828e-02 5.019546e-04
8.955812e+00 2.601186e-01 3.764416e-01 -4.275872e-02 -2.726649e-02 1.884096e-02 -7.961045e-04
9.966707e+00 -6.243518e-02 4.836076e-01 2.511915e-02 -3.219983e-02 -4.157094e-03 1.124768e-03
7.890574e+00 -2.037237e-01 2.181883e-01 2.471286e-02 -3.018882e-02 -2.818748e-02 -1.874343e-03
8.746287e+00 -5.242220e-02 -5.051289e-02 9.508919e-04 5.508961e-02 -5.717191e-02 -1.167340e-03
3.467183e+00 7.063183e-01 6.365495e-01 3.233787e-02 -1.541079e-02 1.709988e-02 2.561426e-04
2.059824e+00 -7.608759e-01 -6.372040e-01 -1.704666e-01 1.379856e-02 -1.647665e-02 7.875441e-04
6.493647e+00 3.837406e-01 2.626296e-02 -6.346812e-02 -2.242657e-03 3.276854e-02 -3.926797e-04
2.385617e+00 3.518101e-01 -2.874602e-01 -3.676028e-02 1.972656e-02 2.414249e-02 2.327189e-03
5.437192e+00 8.397340e-01 -2.046431e-01 -8.486149e-02 5.211864e-03 2.138640e-02 5.335354e-04
9.840943e+00 -1.389894e-01 -1.408420e-01 -2.072814e-02 3.190769e-02 -3.148797e-02 4.367476e-04
6.773632e+00 1.152637e-01 6.843808e-02 -1.272421e-02 -3.024761e-02 5.094317e-02 8.385544e-04
9.093116e+00 -4.844145e-01 -6.547329e-01 4.265316e-02 1.918883e-02 -1.419716e-02 -7.230001e-04
4.933921e+00 -3.326196e-01 2.051517e-01 -9.178152e-03 -1.745552e-02 -2.830124e-02 3.752738e-05
4.324596e+00 1.976069e-01 -7.896894e-02 -2.242262e-02 1.744844e-02 4.366187e-02 1.908076e-04
8.370465e+00 -7.555387e-01 -1.552455e-01 -1.077800e-01 4.442567e-03 -2.162080e-02 8.110836e-04
7.269856e+00 -5.531504e-02 -3.119813e-02 -7.202820e-03 4.433855e-02 -7.861331e-02 4.116625e-03
1.254871e+00 4.559678e-01 1.871115e-01 -8.745138e-03 -1.181855e-02 2.880037e-02 -1.932219e-03
7.423891e+00 -4.636334e-01 -4.824066e-01 -5.058053e-02 1.682453e-02 -1.616979e-02 -3.132539e-04
5.894523e+00 -8.944099e-02 2.101440e-01 3.328439e-03 -3.937284e-02 -1.675777e-02 1.532049e-03
9.282285e+00 1.619070e-01 -2.073392e-01 2.070125e-02 2.949899e-02 2.303517e-02 -2.609668e-03
6.618003e+00 -1.388586e-01 6.194839e-02 -2.098772e-02 -2.119880e-02 -4.751752e-02 -1.275543e-04
4.525468e+00 1.654629e-01 1.241757e-01 -4.197075e-03 -2.626121e-02 3.499281e-02 -1.273327e-03
5.367254e+00 -6.473845e-01 4.500139e-01 -4.131430e-02 -1.187725e-02 -1.708647e-02 -2.850187e-05
3.525241e+00 -5.664540e-01 -3.311552e-01 4.739306e-02 1.452388e-02 -2.484367e-02 1.420272e-03
7.867574e-01 -1.579156e-01 -1.929138e-02 1.652315e-02 6.226984e-03 -5.097291e-02 -7.621806e-04
6.282845e-01 2.069661e-01 4.639906e-01 4.848383e-02 -2.634063e-02 1.174942e-02 -1.627436e-04
2.976398e+00 -6.674888e-01 -1.254425e-01 3.509387e-02 4.589539e-03 -2.442127e-02 1.761090e-03
4.858384e+00 -2.618801e-01 -2.635485e-01 -5.003548e-02 2.691745e-02 -2.674704e-02 -1.811954e-03
4.025029e+00 2.862712e-01 7.373305e-01 -5.236771e-02 -2.337994e-02 9.077349e-03 -2.306702e-03
2.753362e+00 5.264103e-02 4.792907e-02 1.042932e-02 -4.979794e-02 5.469362e-02 -7.729060e-04
1.191804e+00 4.206821e-01 -7.628739e-02 -1.708085e-02 5.393669e-03 2.974305e-02 -5.510393e-04
9.713641e+00 2.434046e-01 -8.448714e-02 2.714950e-02 1.250479e-02 3.602587e-02 3.493583e-03
2.270991e+00 -4.496439e-01 -2.911648e-02 -1.399499e-02 2.227493e-03 -3.439903e-02 2.197900e-03
6.857813e+00 5.641457e-01 -1.846710e-01 8.183087e-02 8.652020e-03 2.643079e-02 1.136111e-03
5.587649e+00 9.218675e-03 -1.642609e-01 4.712559e-02 5.524217e-02 3.100310e-03 -1.959818e-03
9.966607e+00 2.174950e-01 2.206996e-01 1.070856e-02 -2.826531e-02 2.785490e-02 2.016346e-03
9.173323e-01 3.511972e-01 -5.150837e-02 7.911775e-02 4.410227e-03 3.007005e-02 -1.176769e-03
4.822895e+00 -2.856954e-02 -3.033303e-02 3.054199e-03 7.770150e-02 -7.318410e-02 5.992861e-03
1.329980e+00 1.379805e-01 1.708319e-01 3.380223e-02 -3.100053e-02 2.503907e-02 2.680576e-03
5.555123e+00 -5.727575e-01 4.205094e-01 -3.872956e-02 -1.420442e-02 -1.934722e-02 -1.410317e-03
1.588600e+00 1.854218e-01 -1.168423e-01 1.443428e-02 2.408061e-02 3.821450e-02 -5.690641e-04
6.178512e+00 5.932287e-01 -5.048689e-01 2.713305e-02 1.599928e-02 1.879940e-02 8.632164e-04
2.822135e+00 2.692804e-01 -2.888447e-02 2.951338e-02 4.493116e-03 4.188784e-02 -1.322488e-03
5.455964e+00 3.784508e-01 -7.059329e-02 -1.564200e-02 6.540796e-03 3.506522e-02 3.205893e-04
9.677122e+00 -2.331178e-01 2.283292e-01 -1.019136e-02 -2.752642e-02 -2.810371e-02 4.585690e-03
9.590633e+00 -3.034671e-01 4.554728e-01 -6.499942e-03 -2.157248e-02 -1.437306e-02 2.982199e-03
4.745112e+00 -2.872948e-02 -9.263162e-02 -3.119158e-03 6.820339e-02 -2.115312e-02 -4.416008e-03
5.282029e+00 -3.654775e-01 5.033366e-01 5.724641e-02 -2.020227e-02 -1.466906e-02 7.031695e-04
9.206372e+00 -2.392536e-01 -2.366754e-01 7.762689e-04 2.848226e-02 -2.879254e-02 3.496747e-03
2.764723e+00 4.848260e-01 -6.375789e-02 3.335838e-02 3.552843e-03 2.701643e-02 -9.416536e-04
7.918666e+00 2.191844e-01 2.374374e-02 -1.166314e-03 -4.921293e-03 4.542967e-02 7.175292e-04
1.584044e+00 1.195214e-02 6.955551e-01 7.294767e-04 -2.234533e-02 3.839731e-04 -5.879951e-04
5.599694e+00 -1.570984e-01 -1.112764e-02 3.073169e-02 3.902128e-03 -5.508969e-02 -9.994329e-04
4.916529e+00 -1.232701e-01 4.698773e-01 -7.178905e-03 -2.691805e-02 -7.061827e-03 -6.251535e-04
1.116439e+00 -2.275740e-01 5.617481e-01 -2.851609e-02 -2.174057e-02 -8.807488e-03 -6.133437e-04
7.024520e+00 -3.167795e-01 7.366229e-01 1.174476e-01 -2.027680e-02 -8.719896e-03 1.293100e-03
9.237893e+00 3.049800e-01 1.180901e-01 -2.940967e-02 -1.458177e-02 3.765895e-02 1.308938e-03
2.978687e+00 8.705089e-01 2.402954e-01 -5.531007e-02 -5.504264e-03 1.994009e-02 -1.346436e-03
9.120061e+00 -2.428396e-01 -9.260465e-01 9.493050e-02 2.093528e-02 -5.489913e-03 -5.100643e-04
7.582868e+00 -6.195754e-01 7.550169e-01 -1.646548e-02 -1.429305e-02 -1.172903e-02 1.558815e-04
4.202595e+00 -5.215689e-01 -4.353784e-01 -9.394691e-03 1.577113e-02 -1.889329e-02 2.157115e-03
5.100846e+00 4.846099e-01 7.897880e-01 -7.838836e-02 -1.925931e-02 1.181742e-02 1.594271e-03
2.416328e+00 2.016704e-01 6.083912e-01 -5.704233e-02 -2.536605e-02 8.408375e-03 1.490192e-03
6.641467e+00 1.578792e-01 5.269276e-01 -7.232859e-02 -2.879774e-02 8.628442e-03 2.498394e-03
3.208567e+00 9.046635e-03 1.687650e-01 1.938735e-03 -5.473210e-02 2.933910e-03 -1.884458e-03
3.390572e+00 -5.260565e-02 1.176954e-01 7.723261e-04 -5.934277e-02 -2.652410e-02 3.375204e-03
6.868326e+00 1.062066e-01 -4.756372e-01 2.029937e-02 3.143989e-02 7.020318e-03 -1.218678e-03
2.673425e+00 4.410803e-01 4.846200e-01 1.080807e-01 -1.892396e-02 1.722378e-02 -1.894803e-04
7.305192e+00 3.689485e-01 2.577961e-01 -1.164641e-02 -1.698994e-02 2.431539e-02 -1.282901e-03
5.943344e+00 -9.115316e-01 1.231296e-01 6.832857e-02 -2.656958e-03 -1.966952e-02 -5.626772e-04
3.251585e+00 1.529330e-03 -1.199567e-02 1.288516e-03 1.872601e-01 2.387383e-02 -2.276999e-05
5.096635e+00 -1.208476e-01 1.903436e-01 -4.546222e-03 -3.965466e-02 -2.517640e-02 -1.036452e-03
3.105879e+00 -1.809642e-01 3.576937e-01 5.955124e-02 -2.902385e-02 -1.468373e-02 4.276662e-03
7.151708e+00 2.427250e-01 -2.395892e-01 -3.677684e-02 2.255199e-02 2.284716e-02 2.227737e-03
1.045521e+00 9.549019e-02 -3.608032e-01 -2.923791e-02 3.682511e-02 9.746133e-03 -1.128188e-03
7.132697e+00 -3.612543e-01 7.334513e-01 6.884760e-02 -1.852135e-02 -9.122513e-03 -1.888508e-04
8.502795e+00 -8.915561e-02 2.871990e-02 -7.550181e-03 -2.006346e-02 -6.228330e-02 4.015513e-03
8.942238e+00 3.518691e-02 4.645867e-01 -3.690522e-02 -3.203731e-02 2.426445e-03 -1.535177e-04
6.031132e+00 6.872482e-02 3.002456e-04 -5.175351e-03 -3.281408e-04 7.510991e-02 8.094299e-04
4.937434e+00 -1.443081e-01 -2.218267e-01 1.201353e-02 3.162510e-02 -2.057353e-02 2.067284e-03
7.424556e+00 3.115387e-02 3.198504e-01 -1.604297e-02 -3.754416e-02 3.656853e-03 3.987096e-04
7.541839e+00 -3.992662e-01 2.934437e-01 -7.830217e-02 -1.960203e-02 -2.667096e-02 5.335873e-04
8.852106e+00 6.647251e-02 -9.622412e-01 -8.785461e-02 1.840709e-02 1.271579e-03 -1.058147e-03
3.696149e+00 7.015999e-01 -4.669595e-01 -1.137351e-01 1.220580e-02 1.833904e-02 -3.073225e-03
7.390427e+00 7.325527e-01 -4.619169e-01 -6.007142e-02 1.096634e-02 1.739148e-02 -4.747299e-04
5.524516e+00 3.226237e-01 2.366764e-02 2.942816e-02 -2.982907e-03 4.066129e-02 5.923582e-04
8.469758e+00 -2.533988e-01 -4.744198e-01 -2.157259e-02 2.570479e-02 -1.372953e-02 2.992534e-04
7.950629e+00 -2.332324e-01 4.387761e-02 4.108019e-02 -7.221946e-03 -3.838843e-02 2.459098e-04
7.656792e+00 3.495519e-01 -4.191833e-01 2.081487e-02 2.424415e-02 2.021691e-02 1.027733e-03
4.472476e+00 -9.269154e-01 1.378525e-01 -7.458171e-02 -2.773539e-03 -1.864918e-02 2.655616e-04
7.002846e+00 -6.852922e-01 -5.806559e-01 5.268570e-02 1.348547e-02 -1.591560e-02 5.589178e-04
7.509504e+00 -1.295879e-01 5.430964e-01 9.982128e-02 -2.540787e-02 -6.062557e-03 1.193856e-03
7.009154e+00 -1.831783e-01 5.254914e-01 -3.570303e-02 -2.285746e-02 -7.967765e-03 -5.110851e-04
4.146962e+00 2.556255e-01 -5.484524e-01 7.132169e-02 2.731317e-02 1.273026e-02 -1.504459e-04
1.876207e+00 6.893559e-01 -3.838897e-02 4.734553e-02 1.529405e-03 2.746373e-02 -1.208051e-03
3.535761e+00 -6.327644e-01 -1.395934e-01 5.066227e-02 6.230053e-03 -2.824027e-02 -4.229703e-04
9.567114e+00 2.271058e-01 1.249429e-01 7.870184e-04 -1.907069e-02 3.466435e-02 -2.249952e-03
7.985318e+00 -3.302166e-01 -2.727889e-01 -3.819777e-02 1.808231e-02 -2.188900e-02 8.805612e-04
2.286284e+00 -1.963834e-01 -1.333252e-01 -1.815424e-02 2.453259e-02 -3.613564e-02 2.088226e-03
6.683164e+00 5.122465e-01 2.448468e-01 -3.550177e-02 -1.258141e-02 2.632170e-02 -5.292460e-04
5.363913e-01 -7.200735e-02 -1.584318e-02 -9.527564e-03 1.721362e-02 -7.823604e-02 6.351574e-03
3.519874e+00 -5.845218e-01 -1.643546e-01 -2.072734e-02 7.650310e-03 -2.720807e-02 -3.022174e-04
6.848882e+00 1.402743e-01 1.337931e-01 -2.663506e-02 -2.914060e-02 3.055221e-02 1.088398e-03
4.241856e+00 -1.333756e-01 -5.679028e-01 -1.584031e-02 2.793077e-02 -6.559718e-03 -5.597804e-04
6.955502e+00 -7.293422e-02 -1.035923e-01 -3.634284e-03 5.320977e-02 -3.746238e-02 2.288582e-03
5.397731e+00 3.937508e-02 -3.706057e-02 -4.656208e-03 6.585969e-02 6.997275e-02 3.543423e-03
1.361381e+00 -3.066204e-01 2.012146e-01 -7.249913e-02 -2.011438e-02 -3.065124e-02 -3.429650e-04
1.949118e+00 -3.336719e-01 3.165455e-01 9.189196e-02 -2.137425e-02 -2.253068e-02 3.552971e-04
1.659522e+00 -2.735702e-01 2.672876e-02 1.959454e-02 -4.360916e-03 -4.463419e-02 -1.214760e-03
4.502219e+00 -2.805896e-01 -3.941876e-01 4.791096e-02 2.464749e-02 -1.754452e-02 -5.220641e-04
6.881788e+00 1.222198e-01 5.028269e-01 2.690617e-02 -3.128875e-02 7.605213e-03 1.223016e-03
6.092984e+00 -8.276839e-01 -2.562883e-02 -3.119794e-02 6.175035e-04 -1.994229e-02 -1.704734e-03
9.693828e+00 4.007390e-01 -1.799260e-01 -5.745329e-02 1.187745e-02 2.645396e-02 -8.566041e-04
7.086507e+00 9.245892e-01 -2.716648e-01 -4.123959e-02 5.967556e-03 2.031010e-02 -8.348154e-04
5.473328e+00 4.964724e-01 -5.874598e-02 3.563533e-04 3.485822e-03 2.945929e-02 -1.750520e-03
8.723500e+00 -5.835203e-01 -1.194432e-01 1.026733e-02 5.844174e-03 -2.855076e-02 -4.101887e-04
9.357548e+00 -1.728838e-01 1.098733e-01 2.010475e-02 -2.310251e-02 -3.635141e-02 -3.122250e-03
2.617423e+00 -8.138239e-01 5.555322e-01 -9.807452e-02 -1.307677e-02 -1.915675e-02 -1.562688e-03
9.651307e+00 -3.813727e-01 2.501463e-01 -2.460089e-02 -1.606411e-02 -2.449132e-02 8.449428e-04
1.697106e+00 -2.098124e-01 -4.765508e-02 -2.282481e-02 8.838818e-03 -3.891492e-02 -7.421490e-04
5.530965e+00 -5.405792e-01 4.261273e-02 -7.138753e-02 -2.391143e-03 -3.033371e-02 3.526552e-04
1.987536e+00 4.324008e-01 3.938075e-01 -1.717132e-02 -1.757840e-02 1.930109e-02 -1.000748e-03
2.874502e+00 5.891795e-01 -3.909303e-01 6.312637e-02 1.468070e-02 2.212560e-02 -1.563389e-03
5.754017e+00 9.056379e-02 -1.972077e-01 1.993963e-02 3.638952e-02 1.671117e-02 2.448586e-05
1.438823e+00 -6.981207e-02 -5.501291e-01 -1.738541e-02 2.894553e-02 -3.673224e-03 -9.975831e-04
7.587636e+00 4.399040e-01 -5.513413e-01 7.923553e-02 1.895364e-02 1.512272e-02 9.042848e-04
2.997548e+00 2.292088e-01 -2.389491e-01 1.410808e-02 2.687760e-02 2.578198e-02 2.779850e-04
6.020626e+00 -7.848899e-01 -5.324273e-01 -5.528904e-02 1.280321e-02 -1.887415e-02 6.590962e-04
7.459482e+00 2.266884e-01 2.806921e-02 2.068050e-02 -5.554170e-03 4.485576e-02 -3.068411e-04
5.924734e+00 1.050668e-03 5.164658e-02 -3.055420e-03 -8.249317e-02 1.678193e-03 2.926825e-03
1.392310e+00 3.418901e-01 6.068499e-01 -3.352684e-02 -2.214941e-02 1.247865e-02 -1.357930e-03
8.007362e+00 -2.690084e-01 1.242427e-01 -5.404943e-03 -1.483723e-02 -3.212536e-02 -8.709820e-04
5.573776e+00 -1.400732e-01 8.986183e-01 7.230117e-02 -2.400317e-02 -3.741522e-03 1.894638e-03
2.472923e+00 -2.983036e-01 -7.496013e-01 -9.096756e-02 1.906870e-02 -7.588380e-03 -2.282404e-03
1.816954e+00 7.938620e-01 -1.963309e-01 -2.496870e-02 4.944425e-03 1.999274e-02 -1.850986e-03
1.826321e+00 -1.519239e-01 -1.825527e-01 1.138874e-02 3.094024e-02 -2.574907e-02 -1.245238e-03
9.379394e+00 -5.138956e-01 -2.603446e-01 -7.546087e-02 1.327125e-02 -2.619619e-02 5.625348e-04
5.364040e+00 3.042831e-03 -8.774345e-02 -8.686317e-03 7.549257e-02 2.617986e-03 -1.918247e-03
1.826248e+00 -9.558894e-02 -1.024763e-01 -6.696574e-03 4.374003e-02 -4.080029e-02 -2.153306e-04
4.533463e+00 -2.383504e-03 -6.992245e-03 -4.249241e-04 2.340728e-01 -7.979031e-02 6.474028e-03
5.473157e+00 -9.291105e-02 1.061737e-01 -4.429795e-02 -4.371524e-02 -3.825458e-02 -1.825471e-03
2.236598e+00 -4.407975e-01 6.516417e-01 -1.398599e-01 -1.820804e-02 -1.231668e-02 -1.550007e-03
2.538154e+00 -1.790013e-02 -4.493617e-01 -2.757735e-03 3.019461e-02 -1.202789e-03 6.593399e-04
9.461833e+00 -2.109685e-01 9.659216e-01 -5.196122e-02 -2.068607e-02 -4.518078e-03 -7.221957e-04
4.634824e+00 -1.687121e-01 4.028503e-01 -1.575374e-02 -2.741645e-02 -1.148190e-02 -1.167555e-03
9.336731e+00 -1.467236e-01 -2.638947e-01 -1.365825e-02 3.464626e-02 -1.926308e-02 3.034934e-04
3.263094e+00 8.458679e-02 -1.765320e-02 -4.436154e-03 1.455319e-02 6.973284e-02 1.859868e-03
8.245624e+00 7.461626e-01 -2.736789e-01 -1.650404e-01 7.565226e-03 2.062595e-02 -8.145111e-05
8.983804e+00 -3.660337e-01 7.208503e-01 -9.813482e-02 -2.149092e-02 -1.091267e-02 1.220487e-03
3.396102e+00 5.877458e-01 4.719274e-01 -9.115527e-02 -1.425398e-02 1.775213e-02 5.228247e-05
5.293842e+00 -7.668753e-01 -1.259136e-01 -8.297471e-02 3.527336e-03 -2.148320e-02 -4.019951e-05
9.701399e+00 3.166621e-02 -7.818727e-01 1.559404e-01 2.131906e-02 8.634318e-04 1.687228e-03
6.648218e+00 -1.230955e-01 4.024261e-01 -9.037011e-03 -2.830158e-02 -8.656988e-03 -5.897228e-04
8.402233e+00 4.971643e-01 -5.361627e-02 1.260771e-02 3.199790e-03 2.967049e-02 5.990908e-04
4.759780e+00 3.292553e-01 5.945955e-01 2.807668e-02 -2.206394e-02 1.221783e-02 4.616356e-04
4.199560e+00 -2.621253e-01 2.507333e-01 -6.975985e-03 -2.089813e-02 -2.184763e-02 7.306637e-04
6.069793e-01 9.470612e-03 2.477782e-02 1.344177e-04 -1.297004e-01 4.957427e-02 7.330510e-04
8.623450e+00 8.034197e-02 5.020444e-01 5.646491e-03 -3.040369e-02 4.865491e-03 7.666099e-04
7.696506e+00 -5.121484e-01 -5.699361e-01 9.116960e-02 1.802987e-02 -1.620176e-02 1.130885e-03
1.618057e+00 -5.187277e-02 8.982331e-02 -1.547713e-02 -5.996317e-02 -3.462861e-02 3.515624e-04
9.054913e+00 6.507154e-01 -2.243306e-01 1.291255e-01 7.777085e-03 2.255897e-02 2.368029e-03
